0
0
0
0
0
0
0
0
0
0
0
0
0
0
0
0
0
0
0
0
0
0
0
0
0
0
0
0
0
0
0
0
0
0
0
0
0
0
0
0
0
0
0
0
0
0
0
0
0
0
0
0
0
0
0
0
0
0
0
0
0
0
0
0
0
0
0
0
0
0
0
0
0
0
0
0
0
0
0
0
0
0
0
0
0
0
0
0
0
0
0
0
0
0
0
0
0
0
0
0
0
0
0
0
0
0
0
0
0
0.0877193
0.175439
0.263158
0.350877
0.438596
0.526316
0.820676
1.11504
1.4094
1.70376
1.99812
2.29248
2.58684
2.8812
3.17556
3.46992
3.76428
4.05864
4.353
4.64736
4.94172
5.23608
5.53044
5.8248
6.11916
6.41352
6.70788
7.00224
7.2966
7.59096
7.88532
8.17968
8.47404
8.7684
9.06276
9.35712
9.65148
9.94584
10.2402
10.5346
10.8233
11.0994
11.3629
11.6005
11.8123
11.9864
12.1227
12.2123
12.2551
12.2512
12.1951
12.0869
11.9271
11.7156
11.4586
11.1643
10.8699
10.5756
10.2812
9.98684
9.69248
9.39812
9.111
8.83113
8.55849
8.30679
8.07603
7.88513
7.73411
7.6329
7.58504
7.59292
7.65655
7.77686
7.95386
8.1832
8.4649
8.75926
9.05362
9.34798
9.64234
9.9367
10.2311
10.5254
10.8143
11.0978
11.3621
11.6072
11.8203
12.0013
12.1394
12.2346
12.287
12.2867
12.2339
12.1271
11.9678
11.7584
11.4989
11.2045
10.9102
10.6158
10.3215
10.0271
9.73273
9.43837
9.15031
8.87547
8.62063
8.38581
8.18347
8.01362
7.88654
7.80223
7.7677
7.78293
7.85074
7.97111
8.14405
8.3676
8.64177
8.93613
9.23049
9.52485
9.81921
10.1136
10.4079
10.6996
10.9886
11.2612
11.5172
11.7436
11.9402
12.0959
12.2104
12.2839
12.308
12.2828
12.2032
12.0693
11.8835
11.6489
11.37
11.0757
10.7813
10.487
10.1926
9.89825
9.60389
9.31192
9.02929
8.75598
8.50553
8.27794
8.08554
7.92834
7.81622
7.74918
7.73357
7.76938
7.85662
7.99723
8.19122
8.43236
8.72067
9.01503
9.30939
9.60375
9.89811
10.1925
10.4868
10.7767
11.062
11.3427
11.6052
11.8494
12.0558
12.2243
12.3445
12.4123
12.4249
12.3823
12.2825
12.1257
11.9151
11.6508
11.3564
11.0621
10.7677
10.4733
10.179
9.88461
9.59025
9.29861
9.00968
8.73727
8.48819
8.26883
8.07922
7.93037
7.82229
7.76294
7.75233
7.7944
7.88916
8.03659
8.23373
8.48058
8.76902
9.06338
9.35774
9.6521
9.94646
10.2408
10.5352
10.8295
11.1113
11.3805
11.6234
11.8403
12.0309
12.1782
12.2822
12.3349
12.3338
12.2778
12.1667
12.0007
11.7798
11.5117
11.2174
10.923
10.6286
10.3343
10.0399
9.74557
9.45121
9.16284
8.88046
8.60408
8.34741
8.11045
7.90636
7.73515
7.61324
7.54063
7.52423
7.56575
7.66556
7.82368
8.03677
8.30483
8.59919
8.89355
9.18791
9.48227
9.77663
10.071
10.3653
10.658
10.9491
11.2246
11.4777
11.7021
11.8976
12.053
12.1683
12.2353
12.254
12.22
12.1333
11.9944
11.8032
11.5598
11.2693
10.975
10.6806
10.3862
10.0919
9.79752
9.50316
9.2088
8.92614
8.65518
8.40951
8.18912
8.00619
7.86072
7.76219
7.71062
7.706
7.75408
7.85486
8.00852
8.21507
8.46852
8.76288
9.05724
9.3516
9.64596
9.94032
10.2347
10.529
10.8179
11.1012
11.3652
11.61
11.8355
12.0232
12.1729
12.2749
12.3258
12.3231
12.2669
12.1559
11.9902
11.7738
11.5066
11.2122
10.9179
10.6235
10.3291
10.0348
9.74043
9.44607
9.15782
8.87568
8.61338
8.37756
8.17438
8.00386
7.87633
7.7918
7.75727
7.77275
7.84105
7.96216
8.13411
8.3569
8.63053
8.92489
9.21925
9.51361
9.80797
10.1023
10.3967
10.6886
10.9782
11.2515
11.5086
11.7362
11.9344
12.0917
12.2081
12.2752
12.2931
12.2617
12.1768
12.0382
11.8484
11.6074
11.3228
11.0284
10.7341
10.4397
10.1453
9.85098
9.55662
9.26226
8.97834
8.70487
8.44183
8.20285
7.98793
7.81533
7.68505
7.60622
7.5819
7.61396
7.70238
7.84699
8.04779
8.29929
8.59365
8.88801
9.18237
9.47673
9.7711
10.0655
10.3598
10.6526
10.937
11.2129
11.4667
11.6984
11.8956
12.0583
12.1763
12.2497
12.2718
12.2427
12.1624
12.0292
11.8432
11.6094
11.3323
11.0379
10.7435
10.4492
10.1548
9.86045
9.56609
9.27502
8.98723
8.70273
8.4353
8.18494
7.97143
7.79477
7.66588
7.58892
7.56692
7.59989
7.69016
7.83772
8.03967
8.29602
8.59038
8.88474
9.1791
9.47346
9.76782
10.0622
10.3565
10.6494
10.9339
11.2031
11.4571
11.6826
11.8799
12.0375
12.1555
12.2255
12.2476
12.2216
12.1433
12.0125
11.8313
11.5996
11.3247
11.0304
10.736
10.4417
10.1473
9.85294
9.55858
9.26422
8.98026
8.70669
8.45713
8.23159
8.03006
7.86486
7.74995
7.68531
7.67095
7.7111
7.8061
7.955
8.1578
8.40876
8.70312
8.99748
9.29184
9.5862
9.88056
10.1749
10.4693
10.7636
11.0469
11.3192
11.5668
11.7833
11.963
12.1057
12.2023
12.2525
12.251
12.1976
12.0911
11.9317
11.7192
11.4575
11.1632
10.8688
10.5744
10.2801
9.98573
9.69137
9.39701
9.10991
8.83009
8.57123
8.33332
8.12907
7.95845
7.82149
7.72858
7.67973
7.68437
7.7425
7.85516
8.02098
8.23731
8.50415
8.79851
9.09287
9.38723
9.68159
9.97595
10.2703
10.5647
10.859
11.1534
11.4275
11.6814
11.9017
12.0824
12.2183
12.3094
12.3483
12.335
12.2663
12.1424
11.965
11.7343
11.4503
11.1559
10.8616
10.5672
10.2728
9.97848
9.68412
9.39027
9.09692
8.81793
8.5533
8.31651
8.10755
7.93824
7.80857
7.72745
7.69489
7.71088
7.78038
7.9034
8.07868
8.30624
8.57904
8.8734
9.16776
9.46212
9.75648
10.0508
10.3452
10.6396
10.9258
11.2039
11.4739
11.722
11.9484
12.1342
12.2795
12.3745
12.4158
12.4012
12.3307
12.2037
12.0201
11.7846
11.4972
11.2028
10.9085
10.6141
10.3198
10.0254
9.73105
9.43669
9.14866
8.86697
8.60532
8.36373
8.15497
7.97906
7.8466
7.75758
7.71202
7.71926
7.7793
7.89306
8.05911
8.27477
8.54005
8.83441
9.12877
9.42313
9.71749
10.0119
10.3062
10.6006
10.8947
11.1885
11.4612
11.7129
11.9301
12.107
12.2385
12.3245
12.3578
12.3384
12.2635
12.133
11.9493
11.7122
11.4292
11.1349
10.8405
10.5461
10.2518
9.95743
9.66307
9.36971
9.08428
8.8137
8.55797
8.33016
8.1303
7.96975
7.84853
7.77512
7.74952
7.77631
7.8555
7.98708
8.17102
8.40733
8.68671
8.98107
9.27543
9.56979
9.86415
10.1585
10.4529
10.7472
11.0309
11.304
11.5527
11.7772
11.9651
12.1164
12.2312
12.2997
12.322
12.29
12.204
12.064
11.872
11.6315
11.3424
11.0481
10.7537
10.4593
10.165
9.87062
9.57626
9.2819
8.99059
8.70232
8.43782
8.1971
7.99316
7.83168
7.71745
7.65049
7.63728
7.67781
7.77399
7.92581
8.13004
8.3867
8.68106
8.97542
9.26978
9.56414
9.8585
10.1529
10.4472
10.738
11.0182
11.2811
11.5265
11.7418
11.927
12.0711
12.1742
12.2285
12.2341
12.1909
12.0952
11.947
11.7495
11.5026
11.2146
10.9202
10.6259
10.3315
10.0371
9.74279
9.44843
9.15407
8.8727
8.60431
8.36248
8.14719
7.95845
7.80827
7.69665
7.63664
7.62825
7.67551
7.77862
7.93647
8.14906
8.41025
8.70461
8.99897
9.29333
9.58769
9.88205
10.1764
10.4708
10.7651
11.0484
11.3137
11.5542
11.7701
11.9494
12.0921
12.1888
12.2397
12.239
12.1868
12.0819
11.9242
11.7138
11.4544
11.16
10.8656
10.5713
10.2769
9.98255
9.68819
9.39383
9.10682
8.82714
8.5685
8.33089
8.127
7.95681
7.82033
7.72796
7.6797
7.68494
7.74368
7.85694
8.02334
8.2402
8.50752
8.80188
9.09624
9.3906
9.68496
9.97932
10.2737
10.568
10.8624
11.1568
11.4308
11.6846
11.9046
12.085
12.2205
12.3112
12.3496
12.3357
12.2664
12.1419
11.962
11.7287
11.4421
11.1477
10.8534
10.559
10.2646
9.97028
9.67592
9.38226
9.0893
8.81089
8.54702
8.31116
8.1033
7.9352
7.80688
7.71833
7.6784
7.6871
7.75046
7.8685
8.03951
8.26072
8.52809
8.82245
9.11681
9.41117
9.70553
9.99989
10.2943
10.5886
10.876
11.1565
11.4301
11.6765
11.8956
12.0752
12.2102
12.2963
12.3335
12.3167
12.2458
12.1203
11.9403
11.7104
11.4305
11.1362
10.8418
10.5474
10.2531
9.95872
9.66436
9.37
9.08354
8.81192
8.56188
8.33343
8.13884
7.97811
7.86121
7.78814
7.76544
7.7931
7.87113
8.00178
8.18505
8.41538
8.69276
8.98712
9.28148
9.57584
9.8702
10.1646
10.4589
10.7494
11.036
11.305
11.5495
11.7634
11.9465
12.0881
12.1881
12.239
12.2407
12.1897
12.0859
11.9306
11.7238
11.4653
11.171
10.8766
10.5823
10.2879
9.99354
9.69918
9.40497
9.11092
8.83087
8.56484
8.31282
8.08833
7.89138
7.73944
7.63252
7.57883
7.58089
7.63997
7.75607
7.92774
8.15499
8.43103
8.72539
9.01975
9.31411
9.60847
9.90283
10.1972
10.4916
10.7859
11.0687
11.333
11.5721
11.786
11.963
12.1029
12.1965
12.244
12.2397
12.1837
12.075
11.9135
11.6993
11.44
11.1456
10.8513
10.5569
10.2625
9.96817
9.67381
9.37945
9.09277
8.81378
8.55614
8.31987
8.10497
7.92963
7.79385
7.70683
7.67176
7.6907
7.76363
7.89095
8.07264
8.30401
8.58504
8.8794
9.17376
9.46812
9.76248
10.0568
10.3512
10.6456
10.9316
11.2025
11.4515
11.6785
11.8713
12.03
12.1445
12.2151
12.2351
12.2046
12.1236
11.99
11.8037
11.5706
11.2906
10.9963
10.7019
10.4075
10.1132
9.81881
9.52445
9.23436
8.94853
8.68073
8.43097
8.19923
7.99856
7.82896
7.70649
7.63115
7.60982
7.64427
7.73501
7.88204
8.0824
8.3361
8.63046
8.92482
9.21918
9.51354
9.8079
10.1023
10.3966
10.6886
10.9712
11.2376
11.4878
11.7088
11.9007
12.0524
12.1638
12.2268
12.2416
12.208
12.122
11.9836
11.9836
