0
0
0
0
0
0
0
0
0
0
0
0
0
0
0
0
0
0
0
0
0
0
0
0
0
0
0
0
0
0
0
0
0
0
0
0
0
0
0
0
0
0
0
0
0
0
0
0
0
0
0
0
0
0
0
0
0
0
0
0
0
0
0
0
0
0
0
0
0
0
0
0
0
0
0
0
0
0
0
0
0
0
0
0
0
0
0
0
0
0.0877193
0.175439
0.263158
0.350877
0.526316
0.526316
0.820676
1.11504
1.4094
1.70376
1.99812
2.29248
2.58684
2.8812
3.17556
3.46992
3.76428
4.05864
4.353
4.64736
4.94172
5.23608
5.53044
5.8248
6.11916
6.41352
6.70788
7.00224
7.2966
7.59096
7.88532
8.17968
8.47404
8.7684
9.06276
9.35712
9.65148
9.94584
10.2402
10.4023
10.5708
10.5844
10.5506
10.4052
10.191
9.97119
9.70372
9.40936
9.2206
9.03522
9.11838
9.2933
9.58766
9.88202
10.1556
10.45
10.5923
10.7162
10.6676
10.5493
10.3346
10.0413
9.78704
9.49336
9.199
9.1624
9.18546
9.38507
9.67516
9.96952
10.2639
10.4242
10.5881
10.595
10.5519
10.3986
10.1752
9.95113
9.68012
9.52024
9.36611
9.21774
9.28177
9.42043
9.66353
9.94221
10.2033
10.4976
10.6409
10.7603
10.7012
10.5666
10.3352
10.0409
9.79322
9.5061
9.21174
9.17078
9.18798
9.38177
9.66713
9.96149
10.2559
10.4182
10.5851
10.5953
10.5561
10.4052
10.1842
9.89314
9.67716
9.43949
9.35924
9.40095
9.53701
9.74852
9.97267
10.2513
10.4306
10.6131
10.6371
10.6104
10.46
10.2346
9.99674
9.70474
9.41038
9.32863
9.28166
9.4023
9.61858
9.87683
10.1712
10.4595
10.7539
10.7961
10.7842
10.5993
10.3249
10.0306
9.7362
9.57218
9.40457
9.39527
9.43634
9.59028
9.81542
10.0429
10.3186
10.4827
10.6417
10.7957
10.7331
10.5949
10.3489
10.0654
9.79879
9.50443
9.36331
9.24589
9.30598
9.44104
9.67131
9.96567
10.26
10.5071
10.7928
10.822
10.7915
10.5901
10.3026
10.0083
9.71391
9.55558
9.39629
9.39592
9.44788
9.60857
9.84038
10.0682
10.3421
10.6365
10.7178
10.7589
10.6269
10.396
10.1223
9.82791
9.54131
9.24695
9.20786
9.22278
9.40949
9.6842
9.97856
10.2729
10.4358
10.6012
10.6076
10.5627
10.4058
10.1774
9.94866
9.67218
9.37782
9.29482
9.25042
9.37791
9.60412
9.87355
10.1679
10.3604
10.5679
10.6182
10.6261
10.5005
10.3021
10.0725
9.78396
9.58769
9.38289
9.16955
9.19126
9.28564
9.52036
9.81472
10.1091
10.4034
10.5463
10.6764
10.6391
10.5375
10.3388
10.0649
9.77055
9.60376
9.42933
9.41015
9.49924
9.66229
9.8948
10.1077
10.3604
10.4954
10.6178
10.7276
10.6444
10.4885
10.2505
9.99164
9.75936
9.49758
9.3798
9.29034
9.3633
9.50928
9.73411
10.0285
10.3228
10.4572
10.5882
10.5644
10.4405
10.2558
10.0046
9.79594
9.55718
9.45073
9.36831
9.43185
9.56007
9.75963
10.0261
10.2437
10.4895
10.7637
10.8084
10.7954
10.6121
10.3383
10.0439
9.74957
9.58384
9.41294
9.39938
9.43483
9.58443
9.80475
10.0304
10.305
10.5994
10.6881
10.741
10.6226
10.4045
10.141
9.8466
9.55597
9.26161
9.21935
9.22936
9.41057
9.68015
9.97451
10.2689
10.4334
10.601
10.6094
10.5669
10.4111
10.1835
9.95431
9.67667
9.38231
9.29896
9.25369
9.37991
9.60466
9.87269
10.1671
10.455
10.7494
10.7899
10.7769
10.592
10.3186
10.0243
9.72991
9.56638
9.39998
9.39247
9.43602
9.59206
9.81962
10.0482
10.3249
10.4884
10.6462
10.7984
10.7337
10.5928
10.345
10.0606
9.79387
9.49951
9.35922
9.24319
9.30497
9.4422
9.67403
9.96839
10.2142
10.4984
10.7928
10.8343
10.8172
10.6227
10.336
10.0417
9.7473
9.58486
9.41752
9.40662
9.44461
9.59443
9.81412
10.0373
10.3083
10.6027
10.7883
10.9696
10.8812
10.7
10.4056
10.1112
9.83845
9.54409
9.40231
9.27955
9.32988
9.45057
9.66723
9.96159
10.256
10.51
10.8033
10.8381
10.8128
10.6115
10.3206
10.0262
9.73186
9.57225
9.40955
9.40413
9.44907
9.54437
9.73355
9.9876
10.206
10.3661
10.4505
10.5106
10.4601
10.3565
10.1966
9.98244
9.8072
9.60882
9.3873
9.28016
9.19573
9.32017
9.52936
9.80918
10.0951
10.3377
10.6027
10.7035
10.7645
10.6566
10.4658
10.2088
9.91441
9.62005
9.51054
9.41111
9.46442
9.61048
9.80704
10.0667
10.2683
10.4927
10.5769
10.6294
10.5414
10.3855
10.1741
9.89905
9.60469
9.37632
9.12744
9.13988
9.22575
9.46857
9.76293
10.0573
10.3517
10.6046
10.8855
10.897
10.8372
10.6031
10.3087
10.0143
9.71999
9.56258
9.40347
9.40226
9.45255
9.61098
9.83978
10.1341
10.3443
10.5734
10.6431
10.5913
10.4474
10.2278
10.0016
9.72271
9.5486
9.3743
9.35983
9.39851
9.49034
9.68834
9.95716
10.1944
10.3734
10.4737
10.551
10.5068
10.4069
10.2394
10.0123
9.81998
9.59945
9.35073
9.29987
9.29618
9.44547
9.6785
9.94167
10.236
10.5134
10.8077
10.845
10.8219
10.6212
10.3291
10.0347
9.74039
9.58003
9.41559
9.40767
9.4492
9.60106
9.82267
10.0457
10.3157
10.4756
10.6302
10.7793
10.7167
10.5798
10.3382
10.0605
9.79992
9.50556
9.36151
9.24101
9.29893
9.43203
9.66242
9.95678
10.2053
10.4935
10.7879
10.8284
10.8108
10.6169
10.3315
10.0372
9.74281
9.58058
9.41398
9.40428
9.44396
9.5953
9.81679
10.0409
10.3127
10.6071
10.6957
10.7475
10.6271
10.4066
10.1406
9.84621
9.64987
9.43699
9.38089
9.36601
9.48737
9.68162
9.91117
10.2011
10.4954
10.598
10.677
10.592
10.4088
10.1758
9.88145
9.66441
9.42666
9.34886
9.31057
9.42325
9.61261
9.85235
10.1467
10.3574
10.5855
10.831
10.8348
10.7698
10.5477
10.2534
9.95899
9.66463
9.51374
9.36767
9.38371
9.45701
9.63348
9.88253
10.1159
10.3924
10.6868
10.8539
11.0074
10.8865
10.6651
10.3707
10.0764
9.80767
9.51331
9.27928
9.03625
9.06579
9.1802
9.45487
9.74923
10.0431
10.3375
10.4882
10.6339
10.6173
10.5432
10.4116
10.2031
9.93068
9.7144
9.57044
9.51104
9.48526
9.56495
9.70221
9.878
10.105
10.2727
10.4547
10.6511
10.6581
10.6116
10.4397
10.2068
9.96253
9.66817
9.4906
9.31744
9.3154
9.37333
9.55313
9.81354
10.0706
10.3649
10.5291
10.685
10.8326
10.7548
10.5964
10.3326
10.0383
9.76687
9.47251
9.33883
9.23261
9.30503
9.45529
9.69535
9.98971
10.228
10.5022
10.7966
10.8418
10.8279
10.6349
10.3477
10.0533
9.75897
9.59528
9.42531
9.41086
9.44406
9.59006
9.80543
10.0269
10.2966
10.4602
10.6208
10.7781
10.7225
10.5938
10.3561
10.0788
9.81549
9.52113
9.37581
9.25221
9.30564
9.43257
9.65778
9.95214
10.2039
10.4959
10.6353
10.7507
10.8421
10.7572
10.5974
10.3197
10.0254
9.79637
9.6337
9.54894
9.48816
9.53875
9.64245
9.80286
10.0176
10.1933
10.3923
10.6144
10.6516
10.6426
10.4958
10.2754
10.0313
9.73694
9.54827
9.35592
9.33051
9.35829
9.51617
9.75288
10.0028
10.2972
10.5916
10.771
10.9501
10.8575
10.6741
10.3798
10.0854
9.81565
9.52129
9.38148
9.26337
9.32034
9.45013
9.67435
9.96871
10.218
10.5057
10.6397
10.748
10.8306
10.7004
10.4821
10.1925
9.89814
9.64931
9.3778
9.27551
9.21451
9.32684
9.52447
9.78928
10.0836
10.2939
10.529
10.7889
10.8123
10.7734
10.5722
10.2891
9.9947
9.70034
9.5426
9.38548
9.38869
9.44575
9.61103
9.84829
10.079
10.3555
10.6499
10.8247
10.9903
10.8831
10.6789
10.3845
10.0901
9.81982
9.52546
9.38529
9.26633
9.32208
9.45021
9.67304
9.9674
10.2176
10.5063
10.8007
10.8392
10.8181
10.6198
10.3301
10.0358
9.74142
9.58038
9.41512
9.40651
9.44731
9.59894
9.82044
10.0439
10.3145
10.4752
10.6307
10.7811
10.719
10.5826
10.3408
10.0625
9.80106
9.5067
9.36288
9.24248
9.30028
9.4331
9.66305
9.95741
10.206
10.4943
10.7887
10.8291
10.8113
10.617
10.3315
10.0371
9.74274
9.58058
9.41405
9.40441
9.44416
9.59551
9.817
10.0411
10.3128
10.6072
10.6958
10.7476
10.6272
10.4067
10.1406
9.84625
9.64993
9.43705
9.38094
9.36605
9.48739
9.68163
9.91115
10.201
10.4954
10.598
10.677
10.5921
10.4088
10.1759
9.8815
9.66445
9.42668
9.34886
9.31055
9.42322
9.61256
9.8523
10.1467
10.3574
10.5855
10.831
10.8349
10.7698
10.5478
10.2534
9.95904
9.66468
9.51378
9.3677
9.38373
9.457
9.63346
9.88249
10.1159
10.3924
10.6868
10.7562
10.7794
10.628
10.3792
10.0923
9.7979
9.61883
9.42889
9.39533
9.40664
9.54178
9.74812
9.97392
10.2537
10.548
10.6449
10.7119
10.6108
10.4101
10.1613
9.86698
9.57262
9.27826
9.23144
9.23495
9.40929
9.67288
9.96498
10.2593
10.427
10.5987
10.6114
10.5738
10.4208
10.1958
9.90144
9.60708
9.31272
9.25625
9.24603
9.40601
9.65717
9.94059
10.235
10.4104
10.5929
10.6164
10.5916
10.4457
10.2272
9.99643
9.71321
9.41885
9.33074
9.2764
9.39092
9.60345
9.86071
10.1551
10.3552
10.5717
10.63
10.6464
10.524
10.3274
10.094
9.79963
9.50527
9.40508
9.32848
9.41484
9.59831
9.83033
10.1247
10.3412
10.5777
10.6537
10.6895
10.5748
10.3831
10.1423
9.84793
9.55357
9.44828
9.36088
9.43257
9.60009
9.81753
10.1018
10.3169
10.5535
10.6351
10.6795
10.5741
10.394
10.1606
9.86623
9.65035
9.41555
9.16184
9.1524
9.21178
9.43292
9.72728
10.0216
10.316
10.4692
10.6198
10.6098
10.5446
10.3744
10.1324
9.90182
9.62713
9.47528
9.335
9.20627
9.28933
9.45068
9.70647
9.98894
10.2457
10.5371
10.6725
10.779
10.7058
10.5535
10.3101
10.0158
9.77808
9.50387
9.38108
9.28442
9.2139
