0
0
0
0
0
0
0
0
0
0
0
0
0
0
0
0
0
0
0
0
0
0
0
0
0
0
0
0
0
0
0
0
0
0
0
0
0
0
0
0
0
0
0
0
0
0
0
0
0
0
0
0
0
0
0
0
0
0
0
0
0
0
0
0
0
0
0
0
0
0
0
0
0
0
0
0
0
0
0
0
0
0
0
0
0
0
0
0
0
0
0
0
0
0
0
0
0
0
0
0
0.0877193
0.175439
0.263158
0.350877
0.438596
0.526316
0.820676
1.11504
1.4094
1.70376
1.99812
2.29248
2.58684
2.8812
3.17556
3.46992
3.76428
4.05864
4.353
4.64736
4.94172
5.23608
5.53044
5.8248
6.11916
6.41352
6.70788
7.00224
7.2966
7.59096
7.88532
8.17968
8.47404
8.7684
9.06276
9.35712
9.65148
9.94584
10.2402
10.5346
10.8289
11.0603
11.1942
11.2031
11.0872
10.8297
10.5354
10.241
9.94663
9.65227
9.35791
9.10449
8.89202
8.72049
8.67942
8.7688
9.01368
9.30804
9.6024
9.89676
10.1911
10.4855
10.7573
11.0067
11.1669
11.2379
11.1715
10.9677
10.6734
10.379
10.0846
9.79029
9.49593
9.22626
8.98128
8.82741
8.76464
8.83994
9.0533
9.34766
9.64202
9.93638
10.2307
10.5251
10.8195
11.1138
11.3117
11.4131
11.36
11.1406
10.8462
10.5519
10.2575
9.96314
9.66878
9.37442
9.11906
8.9027
8.79006
8.78115
8.87596
9.11429
9.40865
9.70301
9.99737
10.2917
10.5861
10.8461
11.0718
11.1978
11.2242
11.1096
10.8539
10.5596
10.2652
9.97086
9.6765
9.38557
9.13273
8.91798
8.80535
8.79483
8.92497
9.19578
9.49014
9.7845
10.0789
10.3732
10.6676
10.918
11.0898
11.1535
11.1092
10.929
10.6346
10.3403
10.0459
9.75154
9.45718
9.19207
8.95622
8.74963
8.66593
8.70513
8.90141
9.19577
9.49013
9.78449
10.0789
10.3732
10.6583
10.9341
11.1324
11.2531
11.2406
11.0947
10.8155
10.5211
10.2268
9.9324
9.63804
9.35164
9.0732
8.8711
8.74534
8.7525
8.89258
9.17955
9.47391
9.76827
10.0626
10.357
10.6514
10.9457
11.1634
11.3044
11.3083
11.1588
10.8644
10.57
10.2757
9.98132
9.68696
9.3926
9.1351
8.91446
8.79565
8.77868
8.90352
9.17016
9.46452
9.75888
10.0532
10.3476
10.6357
10.8829
11.0891
11.1914
11.1897
11.0478
10.7655
10.4712
10.1768
9.88247
9.58811
9.29375
9.04789
8.88518
8.83458
8.89609
9.09481
9.38917
9.68353
9.97789
10.2723
10.5666
10.8289
11.0592
11.2574
11.3308
11.2796
11.0717
10.7773
10.483
10.1886
9.89424
9.59988
9.31797
9.04852
8.85937
8.75052
8.77598
8.93574
9.2298
9.52416
9.81852
10.1129
10.4072
10.6883
10.9561
11.1428
11.2485
11.2196
11.0562
10.7618
10.4675
10.1731
9.87877
9.58441
9.30432
9.03851
8.85461
8.78392
8.8481
9.04713
9.34149
9.63585
9.93021
10.2246
10.5189
10.8133
11.0466
11.2187
11.3298
11.2973
11.1214
10.827
10.5327
10.2383
9.94395
9.64959
9.35523
9.10213
8.89029
8.78416
8.78376
8.92651
9.21242
9.50678
9.80114
10.0955
10.3899
10.6842
10.9327
11.1006
11.1586
11.1069
10.9187
10.6244
10.33
10.0357
9.7413
9.44694
9.18304
8.9496
8.81235
8.7713
8.82643
9.02624
9.3206
9.61496
9.90932
10.2037
10.498
10.7684
11.0148
11.1707
11.2362
11.1638
10.9535
10.6592
10.3648
10.0704
9.77608
9.48172
9.21372
8.97209
8.82304
8.79502
8.90559
9.15473
9.44909
9.74345
10.0378
10.3322
10.6221
10.9075
11.1197
11.2587
11.2658
11.1411
10.8845
10.5902
10.2958
10.0015
9.70711
9.41275
9.11839
8.89317
8.7371
8.71136
8.81593
9.07224
9.3666
9.66096
9.95532
10.2497
10.544
10.8384
11.0687
11.2003
11.206
11.086
10.8239
10.5295
10.2352
9.9408
9.64644
9.35208
9.09935
8.88825
8.71878
8.68021
8.77254
9.02027
9.31463
9.60899
9.90335
10.1977
10.4921
10.7632
11.011
11.1689
11.237
11.1674
10.9603
10.6659
10.3715
10.0772
9.78283
9.48847
9.21968
8.97646
8.82512
8.76566
8.84453
9.06174
9.3561
9.65046
9.94482
10.2392
10.5335
10.7997
11.0378
11.1816
11.2033
11.0859
10.8293
10.5349
10.2406
9.94621
9.65185
9.36382
9.08213
8.80677
8.63948
8.58027
8.68125
8.9494
9.24376
9.53812
9.83248
10.1268
10.4212
10.7156
10.9603
11.1555
11.2376
11.2066
11.0626
10.7765
10.4821
10.1877
9.89339
9.59903
9.30467
9.05752
8.85758
8.76862
8.79063
8.95762
9.25198
9.54634
9.8407
10.1351
10.4294
10.7238
10.9676
11.1608
11.2401
11.1828
10.9794
10.685
10.3906
10.0963
9.80193
9.50757
9.23653
8.98881
8.83099
8.76306
8.78503
8.95264
9.247
9.54136
9.83572
10.1301
10.4244
10.7035
10.9672
11.1481
11.2462
11.2091
11.0368
10.7424
10.448
10.1537
9.85932
9.56496
9.28717
9.06059
8.91795
8.85924
8.92794
9.12404
9.4184
9.71276
10.0071
10.3015
10.5958
10.8547
11.0781
11.2008
11.1966
11.051
10.764
10.4697
10.1753
9.88094
9.58658
9.30624
9.03991
8.85528
8.75233
8.73107
8.85671
9.12926
9.42362
9.71798
10.0123
10.3067
10.5996
10.8911
11.1119
11.2622
11.2815
11.1699
10.9074
10.6131
10.3187
10.0244
9.72999
9.43563
9.17306
8.97695
8.84728
8.83807
8.94932
9.19738
9.49174
9.7861
10.0805
10.3748
10.6692
10.9635
11.1791
11.3159
11.3138
11.1568
10.8625
10.5681
10.2738
9.97939
9.68503
9.39067
9.1334
8.91321
8.79506
8.77894
8.86487
9.09456
9.38892
9.68328
9.97764
10.272
10.5664
10.8287
11.059
11.1917
11.2269
11.1217
10.8763
10.5819
10.2875
9.99317
9.69881
9.40526
9.14716
8.92453
8.80232
8.78052
8.89974
9.15998
9.45434
9.7487
10.0431
10.3374
10.6318
10.8864
11.0667
11.1425
11.114
10.951
10.6566
10.3623
10.0679
9.77357
9.4792
9.21151
8.97047
8.82227
8.76692
8.8044
8.98707
9.28143
9.57579
9.87015
10.1645
10.4589
10.7339
10.9895
11.1587
11.2415
11.1879
10.9978
10.7035
10.4091
10.1147
9.82038
9.52602
9.25281
9.00075
8.83666
8.76056
8.82143
9.01927
9.31363
9.60799
9.90235
10.1967
10.4911
10.7623
11.0103
11.1686
11.2079
11.1096
10.8738
10.5794
10.2851
9.9907
9.69634
9.40308
9.11091
8.88902
8.73742
8.71663
8.82664
9.06747
9.36184
9.6562
9.95056
10.2449
10.5393
10.8336
11.0645
11.2319
11.2739
11.1906
10.9573
10.6629
10.3686
10.0742
9.77984
9.48548
9.19112
8.95734
8.81881
8.80303
8.91003
9.15796
9.45232
9.74668
10.041
10.3354
10.6298
10.8846
11.1
11.2759
11.3223
11.2391
11.0003
10.7059
10.4115
10.1172
9.82283
9.52847
9.25497
9.00233
8.83741
8.76022
8.81992
9.0165
9.31086
9.60522
9.89958
10.1939
10.4883
10.7598
10.9739
11.0984
11.1335
11.0393
10.8157
10.5214
10.227
9.93264
9.63828
9.35185
9.07335
8.80279
8.64133
8.58897
8.6966
8.97036
9.26472
9.55908
9.85344
10.1478
10.4422
10.7365
10.9788
11.1691
11.244
11.2038
11.0483
10.7539
10.4595
10.1652
9.87082
9.57646
9.2821
9.03761
8.84299
8.76168
8.79369
8.9715
9.26586
9.56022
9.85458
10.1489
10.4433
10.7201
10.9448
11.1172
11.1784
11.1283
10.9395
10.6452
10.3508
10.0565
9.76209
9.46773
9.20138
8.96305
8.75272
8.6645
8.69836
8.88948
9.18384
9.4782
9.77256
10.0669
10.3613
10.6478
10.9264
11.1287
11.2548
11.2479
11.1082
10.8215
10.5272
10.2328
9.93844
9.64408
9.35697
9.11177
8.94227
8.84849
8.87926
9.03456
9.32182
9.61618
9.91054
10.2049
10.4993
10.7936
11.088
11.2889
11.3964
11.3521
11.1434
10.849
10.5547
10.2603
9.96594
9.67158
9.37722
9.12153
8.90451
8.72616
8.67679
8.75642
8.99184
9.2862
9.58056
9.87492
10.1693
10.4636
10.7381
10.9926
11.1602
11.2408
11.1849
10.9924
10.6981
10.4037
10.1093
9.81498
9.52062
9.24805
8.99726
8.835
8.76129
8.82475
9.02537
9.31973
9.6141
9.90846
10.2028
10.4972
10.7915
11.0859
11.2871
11.395
11.3514
11.1436
10.8492
10.5549
10.2605
9.96616
9.6718
9.37744
9.12173
8.90465
8.72622
8.67676
8.75627
8.99159
9.28595
9.58031
9.87467
10.169
10.4634
10.7378
10.9924
11.1601
11.2409
11.1851
10.9927
10.6984
10.404
10.1096
9.81527
9.52091
9.2483
9.0321
8.90441
8.86523
8.95504
9.17386
9.46822
9.76258
10.0569
10.3513
10.639
10.9199
11.1942
11.3601
11.4177
11.3152
11.0457
10.7514
10.457
10.1627
9.8683
9.57394
9.27958
9.03538
8.84136
8.6975
8.69006
8.81904
9.10227
9.39663
9.69099
9.98535
10.2797
10.5741
10.8355
11.064
11.1941
11.2258
11.117
10.8675
10.5732
10.2788
9.98446
9.6901
9.39757
9.14153
8.92198
8.8035
8.78611
8.9096
9.17397
9.46833
9.76269
10.057
10.3514
10.6458
10.8988
11.1104
11.2161
11.1912
11.023
10.7287
10.4343
10.14
9.84561
9.55125
9.27506
9.01706
8.77724
8.65315
8.6448
8.79503
9.08939
9.38375
9.67811
9.97247
10.2668
10.5612
10.8555
11.0838
11.246
11.2806
11.1876
10.9438
10.6494
10.3551
10.0607
9.76636
9.472
9.20515
9.00047
8.85795
8.83313
8.926
9.15626
9.45062
9.74498
10.0393
10.3337
10.6281
10.9224
11.1428
11.2893
11.3012
11.1613
10.8682
10.5738
10.2794
9.98509
9.69073
9.39637
9.13842
8.91689
8.79681
8.77817
8.86098
9.08765
9.38201
9.67637
9.97073
10.2651
10.5594
10.8538
11.1482
11.342
11.4353
11.3706
11.1369
10.8425
10.5482
10.2538
9.95943
9.66507
9.37071
9.11579
8.9003
8.78892
8.78165
8.91699
9.19491
9.48927
9.78363
10.078
10.3724
10.6575
10.8989
11.0964
11.188
11.1738
11.0198
10.7258
10.4315
10.1371
9.84275
9.54839
9.25403
9.01284
8.82483
8.75305
8.81964
9.03305
9.32741
9.62177
9.91613
10.2105
10.5049
10.7744
11.0192
11.1728
11.2353
11.2065
11.0323
10.7379
10.7379
