0
0
0
0
0
0
0
0
0
0
0
0
0
0
0
0
0
0
0
0
0
0
0
0
0
0
0
0
0
0
0
0
0
0
0
0
0
0
0
0
0
0
0
0
0
0
0
0
0
0
0
0
0
0
0
0
0
0
0
0
0
0
0
0
0
0
0
0
0
0
0
0
0
0
0
0
0
0
0
0
0
0
0
0
0
0
0
0
0
0
0
0
0
0
0
0
0
0
0
0
0
0
0
0
0
0
0
0
0
0
0
0.0877193
0.175439
0.263158
0.350877
0.438596
0.438596
0.820676
0.820676
1.11504
1.4094
1.70376
1.99812
2.29248
2.58684
2.8812
3.17556
3.46992
3.76428
4.05864
4.353
4.64736
4.94172
5.23608
5.53044
5.8248
6.11916
6.41352
6.70788
7.00224
7.2966
7.59096
7.88532
8.17968
8.47404
8.7684
9.06276
9.35712
9.65148
9.94584
10.2402
10.5346
10.8261
11.1148
11.4007
11.6768
11.9432
12.1899
12.4169
12.618
12.7907
12.9326
13.0436
13.1201
13.1621
13.1673
13.1359
13.0671
12.961
12.8176
12.6381
12.4225
12.1759
11.8982
11.6038
11.3094
11.0151
10.7207
10.4264
10.132
9.83763
9.54327
9.25083
8.96029
8.67857
8.40568
8.14161
7.89309
7.66014
7.45199
7.26865
7.11531
6.99413
6.90692
6.85367
6.83684
6.85643
6.91327
7.00735
7.13867
7.30634
7.51035
7.74608
8.01352
8.30751
8.60187
8.89623
9.19059
9.48495
9.77931
10.0737
10.368
10.6624
10.9559
11.2485
11.5299
11.8
12.0521
12.283
12.4897
12.6723
12.8256
12.9496
13.0402
13.0977
13.1193
13.1051
13.0551
12.9686
12.8455
12.6874
12.4959
12.2727
12.0178
11.7362
11.4419
11.1475
10.8531
10.5588
10.2644
9.97007
9.67571
9.38135
9.08734
8.79369
8.51078
8.23861
7.98399
7.7501
7.53994
7.35353
7.19608
7.0676
6.97213
6.90968
6.88287
6.89172
6.93727
7.01952
7.13848
7.2935
7.48458
7.70752
7.96234
8.24414
8.5385
8.83286
9.12722
9.42158
9.71594
10.0103
10.3047
10.5989
10.893
11.187
11.474
11.7539
12.0164
12.2616
12.483
12.6778
12.8434
12.9797
13.0826
13.152
13.1851
13.1819
13.1411
13.0629
12.9472
12.7945
12.6048
12.3822
12.1267
11.8432
11.5488
11.2545
10.9601
10.6658
10.3714
10.077
9.78268
9.48832
9.19396
8.8996
8.61126
8.32895
8.06299
7.81338
7.58658
7.38553
7.21289
7.06867
6.95727
6.87868
6.83592
6.82898
6.8593
6.92688
7.03143
7.17297
7.35148
7.56328
7.80837
8.08215
8.37651
8.67087
8.96523
9.25959
9.55395
9.84831
10.1427
10.437
10.7314
11.0206
11.3047
11.5836
11.8505
12.1054
12.3385
12.5498
12.7336
12.8873
13.0089
13.0983
13.1522
13.1708
13.1522
13.0965
13.0037
12.8737
12.7067
12.5058
12.2711
12.0068
11.7159
11.4215
11.1271
10.8328
10.5384
10.2441
9.9497
9.65534
9.36098
9.06662
8.77632
8.49007
8.21824
7.96081
7.72436
7.51192
7.32628
7.16743
7.04006
6.94418
6.88314
6.85696
6.86747
6.91469
6.9986
7.1194
7.27708
7.46868
7.6942
7.94952
8.23199
8.52635
8.82071
9.11507
9.40943
9.70379
9.99815
10.2925
10.5869
10.8812
11.1721
11.4596
11.7333
11.9932
12.2326
12.4486
12.6383
12.8017
12.9341
13.0354
13.1021
13.1343
13.13
13.0891
13.0117
12.8975
12.7464
12.5612
12.3419
12.0924
11.8153
11.521
11.2266
10.9323
10.6379
10.3435
10.0492
9.75483
9.46047
9.16611
8.87463
8.58605
8.31071
8.04863
7.80643
7.58721
7.39382
7.22626
7.08938
6.98319
6.91127
6.87362
6.87234
6.90743
6.97888
7.08716
7.23227
7.41168
7.62538
7.86955
8.14169
8.43605
8.73041
9.02477
9.31913
9.61349
9.90785
10.2022
10.4966
10.7886
11.0781
11.3654
11.6399
11.9017
12.1442
12.3644
12.5592
12.7289
12.8684
12.9777
13.0533
13.0952
13.101
13.0709
13.0049
12.9024
12.7633
12.5901
12.3827
12.1448
11.8788
11.5876
11.2932
10.9989
10.7045
10.4102
10.1158
9.82143
9.52707
9.23481
8.94466
8.65661
8.37756
8.10753
7.8566
7.62477
7.41818
7.23956
7.09134
6.97351
6.88994
6.84061
6.8279
6.85181
6.91307
7.01168
7.14663
7.31794
7.52559
7.76683
8.04167
8.33603
8.63039
8.92475
9.21911
9.51347
9.80783
10.1022
10.3966
10.6897
10.9817
11.2655
11.5412
11.802
12.0479
12.2789
12.4887
12.6773
12.8366
12.9665
13.0631
13.1248
13.1503
13.1398
13.0923
13.0076
12.8865
12.729
12.5351
12.3072
12.0453
11.7563
11.4619
11.1675
10.8732
10.5788
10.2845
9.99009
9.69573
9.40149
9.10736
8.82028
8.54025
8.26727
8.00817
7.76297
7.54121
7.34291
7.17357
7.0355
6.93072
6.85922
6.82385
6.82462
6.8628
6.93836
7.05087
7.20032
7.3867
7.60605
7.85836
8.13887
8.43323
8.72759
9.02195
9.31631
9.61067
9.90503
10.1994
10.4937
10.7881
11.0767
11.3594
11.6363
11.9005
12.1521
12.3813
12.5881
12.7669
12.9152
13.0309
13.114
13.1615
13.1733
13.1478
13.0851
12.9854
12.8486
12.6766
12.4695
12.2272
11.9535
11.6591
11.3647
11.0704
10.776
10.4817
10.1873
9.89293
9.59857
9.30421
9.01458
8.72967
8.45637
8.19467
7.95114
7.72579
7.51862
7.33556
7.17664
7.04908
6.9529
6.89146
6.8659
6.87694
6.92458
7.009
7.13019
7.28659
7.47821
7.70178
7.9573
8.24477
8.53913
8.83349
9.12785
9.42221
9.71657
10.0109
10.3053
10.5996
10.8904
11.1776
11.4543
11.7205
11.9762
12.2148
12.4363
12.6317
12.801
12.9393
13.0447
13.1154
13.1515
13.151
13.1138
13.0394
12.928
12.7808
12.5978
12.379
12.1274
11.8432
11.5488
11.2544
10.9601
10.6657
10.3714
10.077
9.78263
9.48827
9.19647
8.90723
8.62745
8.35713
8.09627
7.85158
7.62304
7.4198
7.24186
7.09429
6.97921
6.89833
6.85167
6.84153
6.86791
6.93147
7.03223
7.16912
7.34214
7.55128
7.79376
8.06957
8.36393
8.65829
8.95265
9.24701
9.54137
9.83573
10.1301
10.4245
10.7173
11.0086
11.2914
11.5658
11.8318
12.0825
12.3181
12.5291
12.7156
12.8724
12.9971
13.088
13.1452
13.1659
13.1503
13.0974
13.0073
12.8806
12.7175
12.518
12.2845
12.0171
11.7228
11.4284
11.134
10.8397
10.5453
10.251
9.95659
9.66223
9.36838
9.07504
8.78914
8.51068
8.24647
7.99652
7.76083
7.54578
7.35138
7.18588
7.04928
6.94581
6.87708
6.84431
6.84751
6.88786
6.96537
7.07952
7.23031
7.41549
7.63506
7.88506
8.16549
8.45985
8.75421
9.04857
9.34293
9.63729
9.93165
10.226
10.5204
10.8147
11.103
11.3851
11.6542
11.9103
12.147
12.3642
12.5619
12.7343
12.8814
12.9964
13.0791
13.1266
13.1378
13.1122
13.0498
12.9508
12.8151
12.6446
12.4394
12.2031
11.9356
11.6413
11.3469
11.0526
10.7582
10.4638
10.1695
9.87512
9.58076
9.2864
8.99698
8.71249
8.43981
8.17894
7.93645
7.71232
7.50656
7.3251
7.16794
7.04227
6.9481
6.88876
6.86534
6.87857
6.92842
7.01503
7.13839
7.29689
7.49055
7.71603
7.97333
8.25753
8.55189
8.84625
9.14061
9.43497
9.72933
10.0237
10.3181
10.6121
10.9025
11.1891
11.465
11.7304
11.9785
12.2093
12.4168
12.6011
12.762
12.8945
12.9986
13.0685
13.1044
13.1042
13.0674
12.994
12.8841
12.7389
12.5585
12.3459
12.101
11.8284
11.5341
11.2397
10.9454
10.651
10.3566
10.0623
9.76791
9.47355
9.18193
8.89303
8.61377
8.34414
8.09083
7.85385
7.63318
7.435
7.25929
7.11379
6.99848
6.91717
6.87119
6.86151
6.88813
6.9517
7.05223
7.18865
7.36096
7.56637
7.80488
8.0765
8.37086
8.66522
8.95958
9.25394
9.5483
9.84266
10.137
10.4314
10.7241
11.0153
11.2979
11.5719
11.8375
12.0878
12.3228
12.5332
12.719
12.875
12.999
13.0891
13.1454
13.1653
13.1489
13.0951
13.0041
12.8758
12.7111
12.51
12.2769
12.0119
11.7201
11.4257
11.1314
10.837
10.5426
10.2483
9.95392
9.65956
9.36575
9.07247
8.78666
8.50832
8.23745
7.98087
7.73857
7.52005
7.3253
7.15974
7.02569
6.92507
6.8579
6.82693
6.83217
6.87477
6.95473
7.07205
7.22617
7.41709
7.64066
7.8969
8.18092
8.47528
8.76964
9.064
9.35836
9.65272
9.94708
10.2414
10.5358
10.8302
11.1245
11.4126
11.6943
11.9594
12.2079
12.4333
12.6327
12.8035
12.9456
13.0547
13.1308
13.1709
13.1751
13.1419
13.0714
12.9639
12.8194
12.6379
12.4215
12.1702
11.8904
11.596
11.3017
11.0073
10.7129
10.4186
10.1242
9.82985
9.53549
9.24113
8.95224
8.66882
8.39087
8.12525
7.87197
7.64077
7.43164
7.25029
7.09917
6.98044
6.89408
6.84328
6.82802
6.84994
6.90903
7.0052
7.13847
7.30882
7.51444
7.75532
8.02547
8.31983
8.61419
8.90855
9.20291
9.49727
9.79163
10.086
10.3803
10.6747
10.9646
11.25
11.524
11.7867
12.0381
12.2714
12.4869
12.6756
12.8375
12.968
13.065
13.1271
13.1543
13.1446
13.0981
13.0146
12.894
12.738
12.5465
12.3194
12.0602
11.7686
11.4743
11.1799
10.8856
10.5912
10.2968
10.0025
9.70813
9.41377
9.12284
8.83536
8.5582
8.29137
8.04151
7.80863
7.59273
7.39989
7.23011
7.09094
6.98239
6.90809
6.86932
6.86696
6.901
6.97193
7.07975
7.22323
7.40235
7.61418
7.85869
8.13591
8.43027
8.72463
9.01899
9.31335
9.60771
9.90207
10.1964
10.4908
10.7828
11.0726
11.3531
11.6244
11.8798
12.1192
12.3427
12.5441
12.7233
12.8726
12.9919
13.0774
13.1277
13.1417
13.1195
13.0604
12.9642
12.832
12.6637
12.4621
12.2272
11.9589
11.6646
11.3702
11.0759
10.7815
10.4871
10.1928
9.89841
9.60405
9.31089
9.01892
8.73507
8.45933
8.19848
7.95253
7.72147
7.51162
7.32299
7.16365
7.03362
6.93698
6.87526
6.84961
6.86003
6.90754
6.99215
7.11317
7.2706
7.46202
7.68743
7.94272
8.2279
8.52226
8.81662
9.11098
9.40534
9.6997
9.99406
10.2884
10.5828
10.8771
11.1646
11.4453
11.7122
11.9654
12.2049
12.4242
12.6234
