0
0
0
0
0
0
0
0
0
0
0
0
0
0
0
0
0
0
0
0
0
0
0
0
0
0
0
0
0
0
0
0
0
0
0
0
0
0
0
0
0
0
0
0
0
0
0
0
0
0
0
0
0
0
0
0
0
0
0
0
0
0
0
0
0
0
0
0
0
0
0
0
0
0
0
0
0
0
0
0
0
0
0
0
0
0
0
0
0
0
0
0
0
0
0
0
0
0
0
0
0
0
0
0
0
0
0.0877193
0.175439
0.263158
0.350877
0.438596
0.526316
0.526316
0.820676
1.4094
1.4094
1.99812
2.29248
2.58684
2.58684
2.8812
3.17556
3.46992
3.76428
4.05864
4.64736
4.94172
4.94172
5.23608
5.8248
5.8248
6.41352
6.70788
6.70788
7.2966
7.2966
7.88532
8.17968
8.17968
8.7684
9.06276
9.35712
9.65148
9.65148
10.2402
10.4959
10.4959
10.8261
10.8608
10.7983
10.6421
10.3919
10.0976
9.8032
9.8032
9.50884
9.0035
9.0035
8.89216
9.02691
9.02691
9.27464
9.86336
10.1577
10.4521
10.6863
10.8672
10.995
10.995
11.0157
10.9343
10.7343
10.1456
10.1456
9.55687
9.32162
9.16901
9.09628
9.13261
9.13261
9.51978
9.51978
10.1085
10.4029
10.6972
10.9338
11.1228
11.1957
11.1587
10.9826
10.6882
10.3939
10.0995
9.80513
9.51077
9.51077
9.28095
9.02388
9.02369
9.14149
9.14149
9.37424
9.96296
9.96296
10.2573
10.8398
11.024
11.1093
11.0609
11.0609
10.5937
10.2993
10.005
9.71062
9.45726
9.23798
9.05277
8.96285
8.96285
8.96265
9.33509
9.62945
9.92381
10.2182
10.4834
10.4834
10.8368
10.8368
10.8824
10.672
10.672
10.1164
9.822
9.52764
9.26424
9.26424
8.87257
8.80997
8.89283
9.11581
9.41017
9.70453
9.99889
9.99889
10.5843
10.8754
11.0532
11.1279
11.0668
10.8729
10.5785
10.5785
10.2842
9.9898
9.40108
9.19111
9.05165
9.02797
9.02797
9.32451
9.61887
9.91323
10.2076
10.4706
10.7091
10.8583
10.9239
10.9061
10.7769
10.539
10.2446
9.95024
9.67147
9.39856
9.39856
9.07818
9.06571
9.16178
9.35556
9.64804
9.64804
10.2368
10.4963
10.728
10.9318
11.0441
11.0441
10.9706
10.9706
10.4532
10.4532
9.8645
9.59303
9.37267
9.20023
9.12658
9.1471
9.1471
9.49066
9.49066
10.0794
10.3737
10.6518
10.6518
10.9206
11.2143
11.2143
10.9891
10.6948
10.4004
10.4004
9.81168
9.54642
9.30334
9.14828
9.07523
9.08422
9.20478
9.43422
9.43422
10.0204
10.3055
10.3055
10.761
10.761
11.0136
11.0028
10.8711
10.6214
10.6214
10.327
9.73829
9.44393
9.44393
8.93109
8.77807
8.77807
8.91934
9.1875
9.48186
9.77622
10.0706
10.3497
10.3497
10.883
11.101
11.2779
11.2779
11.3163
11.225
10.6819
10.3875
10.0931
9.79879
9.50443
9.27535
9.10462
9.10462
8.99
9.09318
9.31664
9.611
9.90536
10.1997
10.4636
10.6698
10.7948
10.8408
10.7858
10.6319
10.406
10.1116
9.81725
9.52289
9.22853
8.99728
8.99728
8.77138
8.77138
8.83863
9.34755
9.34755
9.93627
10.2306
10.525
10.7506
10.9144
10.966
10.9098
10.7461
10.4752
10.4752
10.1808
9.59212
9.35618
9.19883
9.13766
9.17083
9.30195
9.53071
9.53071
10.1048
10.3801
10.643
10.8936
11.0621
11.1549
11.1177
11.1177
10.6611
10.3668
10.0724
10.0724
9.48368
9.48368
8.96268
8.96268
8.6918
8.71502
8.71502
8.86038
9.4491
9.74346
10.0378
10.3208
10.5627
10.7354
10.842
10.8461
10.751
10.5686
10.2978
10.0034
9.70908
9.41472
9.41472
8.94262
8.79608
8.71846
8.71846
9.03228
9.03228
9.621
9.91536
9.91536
10.5041
10.7984
10.9884
11.0843
11.0863
10.9571
10.7004
10.406
10.406
9.81728
9.55136
9.55136
9.18427
9.12751
9.16679
9.30212
9.53576
9.83012
9.83012
10.4188
10.6535
10.8388
10.8388
10.9033
10.9033
10.5484
10.2574
10.2574
9.66868
9.37432
9.16403
9.0274
8.96445
9.0201
9.19027
9.45386
9.74822
10.0426
10.0426
10.6093
10.8852
11.0469
11.1044
11.0292
10.8241
10.5297
10.5297
9.94099
9.64663
9.64663
9.10992
9.10992
8.90917
8.86072
9.03661
9.33097
9.62533
9.62533
10.214
10.214
10.5084
11.0077
11.0077
11.3033
11.2685
11.2685
10.7869
10.4925
10.1982
9.90381
9.60945
9.368
9.17255
9.17255
9.07966
9.1982
9.1982
9.71493
10.0093
10.3036
10.5492
10.5492
10.9014
10.9334
10.8551
10.6669
10.4034
10.109
9.81464
9.52028
9.22592
8.99497
8.82052
8.77058
8.83897
9.04591
9.04591
9.63463
9.63463
9.92899
10.5177
10.7407
10.9028
10.954
10.954
10.7309
10.7309
10.1562
10.1562
9.86185
9.29963
9.04803
8.91811
8.9171
9.04361
9.29762
9.59198
9.88634
10.1807
10.4751
10.7694
10.7694
11.1765
11.2052
11.0955
10.8577
10.8577
10.269
9.97464
9.97464
9.69366
9.41567
8.97452
8.97452
8.80804
8.85427
9.08006
9.37442
9.66878
9.96314
10.2549
10.5132
10.5132
10.7081
10.8912
10.8566
10.7194
10.4813
10.191
9.8966
9.60224
9.32694
9.06382
8.92072
8.88786
8.98802
9.20615
9.50051
9.79487
10.0892
10.3836
10.3836
10.823
10.823
10.918
10.8173
10.8173
10.6094
10.0206
9.72628
9.47699
9.25994
9.13551
9.13551
9.19495
9.37736
9.63022
9.92458
10.2189
10.5133
10.8077
10.8077
11.2012
11.2182
11.0938
10.8419
10.5475
10.5475
9.95878
9.95878
9.39848
9.19819
9.06871
9.01006
9.06495
9.06495
9.50417
9.50417
9.79853
10.3872
10.6256
10.7875
10.8548
10.8548
10.8293
10.7024
10.4749
9.88616
9.88616
9.32046
9.06252
9.06252
8.92465
8.99794
8.99794
9.51018
9.80454
10.0989
10.3933
10.6344
10.6344
10.9465
10.9465
10.9891
10.8098
10.5511
10.2567
9.96236
9.96236
9.40689
9.40689
9.07844
9.06151
9.15308
9.3435
9.63363
9.92799
10.2224
10.4836
10.7187
10.9276
11.046
11.0798
10.9866
10.7702
10.4759
10.1815
10.1815
9.88713
9.31517
9.05085
8.90814
8.90814
8.97647
8.97647
9.49867
9.79303
9.79303
10.3818
10.6761
10.8805
11.0052
11.0077
11.0077
10.6567
10.3624
10.068
9.77365
9.51287
9.51287
9.10505
8.98871
8.92972
8.99598
9.18131
9.46077
9.75513
10.0495
10.3278
10.5642
10.7621
10.8651
10.8651
10.7885
10.5969
10.3381
10.0437
10.0437
9.45638
9.16202
9.16202
8.93858
8.7508
8.7508
9.09334
9.3877
9.68206
9.97642
10.2666
10.2666
10.8178
11.0446
11.0446
11.1108
11.1108
10.9595
10.3822
10.3822
9.79347
9.53715
9.53715
9.13068
9.13068
9.09836
9.23574
9.46187
9.46187
10.0506
10.0506
10.6264
10.6264
11.1715
11.3605
11.4758
11.4758
11.2084
10.9141
10.6197
10.6197
10.031
9.73992
9.44556
9.22338
9.22338
9.00363
9.03223
9.15227
9.38851
9.38851
9.97723
10.2716
10.5236
10.7436
10.8705
10.8934
10.8108
10.6231
10.3652
10.3652
9.77645
9.48209
9.18773
9.18773
8.80274
8.80274
8.7726
8.95475
9.24911
9.54347
9.54347
10.1322
10.4266
10.4266
10.6603
10.9468
10.9721
10.8792
10.6719
10.3776
10.0832
9.78884
9.78884
9.2955
9.2955
9.0875
9.13486
9.13486
9.54578
9.84014
10.1345
10.4289
10.6658
10.8522
10.9882
11.0188
11.0188
10.7574
10.7574
10.1687
9.87432
9.60515
9.38565
9.24107
9.24107
9.18763
9.18763
9.50026
9.79462
10.089
10.089
10.6777
10.9581
11.2281
11.34
11.34
11.3073
10.8212
10.8212
10.2325
9.93812
9.64376
9.39828
9.19474
9.19474
9.08268
9.16887
9.36439
9.65875
9.65875
10.2475
10.5023
10.728
10.8623
10.8935
10.8191
10.6396
10.3877
10.3877
10.0933
9.50458
9.27895
9.11166
9.11166
9.00295
9.1078
9.33134
9.6257
9.92006
10.2144
10.4766
10.4766
10.8264
10.9172
10.9172
10.7643
10.5457
10.2513
9.95698
9.95698
9.36826
9.08243
8.80167
8.63924
8.58485
8.70295
8.98767
8.98767
9.57639
9.87075
10.1651
10.4331
10.6816
10.8438
10.8438
10.9065
10.7878
10.5698
10.2754
10.2754
9.68668
9.68668
9.14178
8.99871
8.97522
9.06963
9.27274
9.5671
9.86146
10.1558
10.4249
10.6756
10.6756
10.908
11.1219
11.0794
10.93
10.6708
10.3765
10.0821
9.78776
9.52186
9.28094
9.13066
9.06504
9.11205
9.11205
9.53024
9.8246
10.119
10.4133
10.7077
10.9464
11.1365
11.1843
11.0982
10.8833
10.589
10.2946
10.0002
9.71278
9.71278
9.17502
9.17502
8.84556
8.8297
8.8297
9.13412
9.13412
9.72284
10.0172
10.2991
10.5791
10.8569
11.024
11.0686
11.0686
10.9926
10.4959
10.2015
9.90713
9.63064
9.36508
9.36508
8.93697
8.83824
8.83824
9.02637
9.02637
9.59096
9.88532
10.1797
10.4494
10.4494
10.698
11.0301
11.0415
10.9317
10.7133
10.7133
10.419
10.1246
9.53587
9.31002
9.13882
9.0737
9.1184
9.26639
9.51817
9.81253
9.81253
10.4013
10.6956
10.99
11.192
11.3122
11.2861
11.1197
10.8254
10.531
10.2367
9.9423
9.6582
9.38089
9.18309
9.05819
9.04798
9.14866
9.14866
9.65459
9.65459
10.2433
10.2433
10.5377
11.0266
11.1266
11.0928
10.9308
10.64
10.3456
10.0513
9.75782
9.46346
9.1691
9.1691
8.78374
8.72395
8.762
8.9506
8.9506
9.53932
9.83368
10.128
10.4224
10.4224
10.8481
10.8481
10.9311
10.7978
10.5705
10.2762
10.2762
9.68746
9.68746
9.22994
9.11563
9.1068
9.20324
9.40485
9.40485
9.67303
9.96739
10.5561
10.8505
10.8505
11.222
11.222
11.2206
11.0218
10.7274
10.4331
10.1387
10.1387
9.55001
9.55001
9.1341
9.05949
9.08684
9.21614
9.45351
9.74787
10.0422
10.3366
10.3366
10.7926
10.7926
10.902
10.8269
10.6293
10.3609
10.0665
10.0665
9.47779
9.18343
8.95749
8.79303
8.77876
8.90659
8.90659
9.45619
9.45619
10.0449
10.0449
10.6039
10.8031
10.9311
10.9311
10.8506
10.8506
10.3516
10.0572
10.0572
9.4711
9.24592
9.24592
9.06722
9.11105
9.26114
9.5159
9.81026
9.81026
