0
0
0
0
0
0
0
0
0
0
0
0
0
0
0
0
0
0
0
0
0
0
0
0
0
0
0
0
0
0
0
0
0
0
0
0
0
0
0
0
0
0
0
0
0
0
0
0
0
0
0
0
0
0
0
0
0
0
0
0
0
0
0
0
0.0350842
0.0736649
0.115728
0.16126
0.210244
0.262663
0.318499
0.377731
0.44034
0.506303
0.738912
0.982425
1.23684
1.50216
1.7778
2.06376
2.35812
2.65248
2.94684
3.2412
3.53556
3.82992
3.82992
4.41864
4.713
5.00736
5.30172
5.59608
5.89044
6.1848
6.47916
6.77352
7.06788
7.36224
7.6566
7.95096
8.24532
8.53968
8.83404
9.1284
9.42276
9.71712
10.0115
10.3058
10.6002
10.8945
11.1878
11.48
11.7705
12.0589
12.3449
12.6284
12.9089
13.1863
13.4599
13.7297
13.9958
14.2575
14.5149
14.7672
15.0145
15.2562
15.4922
15.7218
15.945
16.1611
16.37
16.5714
16.7653
16.9512
17.1291
17.2987
17.4598
17.6126
17.7566
17.8918
18.0179
18.1348
18.2422
18.3399
18.4279
18.5059
18.574
18.632
18.6798
18.7175
18.7449
18.7621
18.7621
18.7655
18.7518
18.7277
18.6933
18.6486
18.5937
18.5286
18.4535
18.3683
18.2733
18.1686
18.0541
17.9302
17.7968
17.6538
17.5017
17.3405
17.1703
16.9914
16.804
16.6082
16.4046
16.1932
15.974
15.974
15.5146
15.2743
15.0278
14.7751
14.5168
14.2529
13.9833
13.7087
13.4291
13.1452
12.8569
12.5649
12.2705
11.9762
11.6818
11.3874
11.0931
10.7987
10.5044
10.21
9.91564
9.62128
9.32702
9.03285
8.73948
8.44691
8.15582
7.86621
7.57911
7.29453
7.01313
6.73525
6.46121
6.19102
5.92531
5.66409
5.40797
5.15696
5.15696
4.67085
4.43634
4.20811
3.98616
3.77129
3.5635
3.36279
3.16989
2.98504
2.80823
2.63988
2.48001
2.32899
2.18682
2.05351
2.05351
1.81448
1.70893
1.61273
1.52629
1.44961
1.383
1.32646
1.27999
1.24378
1.21789
1.2023
1.19707
1.20221
1.2177
1.24355
1.27975
1.32627
1.3831
1.45014
1.52739
1.61462
1.71183
1.8188
1.93539
2.06149
2.19708
2.34185
2.49582
2.65897
2.83095
3.01178
3.20104
3.39875
3.60422
3.81747
4.038
4.26555
4.49985
4.74091
4.98815
5.24159
5.50122
5.76646
6.03729
6.31311
6.59392
6.87906
7.16855
7.46137
7.75573
8.05009
8.34445
8.63881
8.93317
9.22753
9.52189
9.81625
10.1106
10.405
10.6992
10.9933
11.2862
11.578
11.8686
12.157
12.4428
12.7261
13.0062
13.2831
13.5568
13.8266
13.8266
14.354
14.611
14.8628
15.1095
15.3501
15.5848
15.8129
16.0341
16.2482
16.4552
16.6547
16.8465
17.0303
17.206
17.3736
17.5328
17.6834
17.8252
17.9582
18.0819
18.1964
18.3012
18.3964
18.4817
18.5571
18.6223
18.6775
18.7225
18.7572
18.7816
18.7958
18.7996
18.793
18.7761
18.7489
18.7113
18.6634
18.6053
18.537
18.4587
18.3704
18.2722
18.1642
18.0465
17.9194
17.7827
17.6366
17.4813
17.3168
17.1436
16.9615
16.771
16.5721
16.3655
16.1511
15.929
15.6999
15.4641
15.2216
14.9729
14.7181
14.4577
14.1918
13.9203
13.6439
13.3626
13.0769
12.787
12.4935
12.1991
11.9047
11.6104
11.316
11.0217
10.7273
10.4329
10.1386
9.84421
9.54985
9.25568
8.96168
8.66857
8.37632
8.08565
7.79655
7.51004
7.22612
6.94547
6.66842
6.39529
6.12608
5.86143
5.60135
5.34582
5.09548
4.85031
4.85031
4.3773
4.15031
3.92993
3.71618
3.50982
3.31111
3.12003
2.93706
2.76219
2.59542
2.43717
2.28745
2.14662
2.01471
1.89204
1.77861
1.67487
1.58081
1.49666
1.42252
1.35848
1.30455
1.26085
1.22738
1.20416
1.19127
1.1887
1.19651
1.21469
1.24321
1.28208
1.33129
1.39071
1.46026
1.53995
1.62961
1.72922
1.83858
1.95767
2.0865
2.22479
2.37256
2.52949
2.69556
2.87044
3.05411
3.24596
3.44598
3.65419
3.86987
4.09276
4.32287
4.55967
4.80315
5.05275
5.30847
5.57031
5.83767
6.11056
6.38835
6.67104
6.95798
7.24917
7.54353
7.83789
8.13225
8.42661
8.72097
9.01533
9.30969
9.60405
9.89841
10.1928
10.4871
10.7813
11.0752
11.3682
11.6602
11.9503
12.2385
12.524
12.8066
13.0858
13.3617
13.6337
13.9018
14.1658
14.4253
14.6802
14.9298
15.1743
15.4127
15.6449
15.8711
16.0904
16.3025
16.5074
16.7046
16.8942
17.0762
17.25
17.4157
17.5729
17.7215
17.8612
17.992
18.1134
18.2254
18.3279
18.4207
18.5035
18.5765
18.6393
18.692
18.7347
18.7671
18.7892
18.8011
18.8026
18.7938
18.7746
18.745
18.7052
18.7052
18.5947
18.5242
18.4436
18.353
18.2526
18.1423
18.0224
17.8928
17.7537
17.6052
17.4475
17.2807
17.1052
16.9208
16.7283
16.5277
16.3189
16.1027
15.8793
15.6487
15.4115
15.1676
14.9176
14.6616
14.3994
14.1318
13.8587
13.5807
13.2978
13.0108
12.7195
12.4251
12.1308
11.8364
11.5421
11.2477
10.9533
10.659
10.659
10.0703
9.7759
9.48154
9.18744
8.89361
8.60108
8.30985
8.02062
7.73371
7.44947
7.44947
6.88934
6.61377
6.3422
6.07461
5.81101
5.55203
5.29767
5.04855
4.80466
4.5669
4.33525
4.11027
3.89222
3.68137
3.47771
3.28173
3.09343
2.9128
2.74031
2.57595
2.42014
2.27288
2.13472
2.00565
1.886
1.7759
1.67548
1.58475
1.50392
1.43301
1.37218
1.32143
1.28078
1.25034
1.23013
1.22021
1.2206
1.23132
1.25238
1.28374
1.32541
1.37728
1.43931
1.51142
1.59361
1.68569
1.78767
1.89956
2.02111
2.15233
2.29294
2.44295
2.60204
2.7702
2.94687
3.13205
3.32532
3.52645
3.73521
3.95158
4.17508
4.4057
4.6429
4.88669
5.13707
5.39347
5.65589
5.92373
6.197
6.47507
6.75794
7.04462
7.33512
7.62944
7.9238
8.21816
8.51252
8.80688
9.10124
9.3956
9.68996
9.98432
10.2787
10.573
10.8671
11.1608
11.4531
11.7441
12.033
12.3195
12.6033
12.8844
13.162
13.4363
13.7065
13.9727
13.9727
14.4923
14.7451
14.9926
15.2347
15.4708
15.7007
15.9244
16.1411
16.3506
16.5529
16.7474
16.9342
17.1134
17.2843
17.4471
17.6013
17.747
17.8835
18.0109
18.1292
18.2379
18.3369
18.4262
18.5055
18.575
18.6345
18.684
18.7233
18.7525
18.7713
18.7799
18.7782
18.7661
18.7436
18.7436
18.6679
18.6147
18.5513
18.4777
18.394
18.3002
18.1966
18.083
17.9599
17.827
17.685
17.5337
17.3736
17.2048
17.0275
16.8417
16.6479
16.446
16.2365
16.0194
15.7947
15.563
15.3242
15.0788
14.8268
14.5692
14.3059
14.0369
13.7632
13.485
13.2024
12.916
12.6259
12.332
12.0376
11.7433
11.4489
11.1545
10.8602
10.5658
10.2715
9.9771
9.68277
9.38846
9.09488
8.80201
8.51056
8.22051
7.93188
7.64534
7.36089
7.07922
6.80032
6.52519
6.25383
5.98687
5.72465
5.46745
5.21529
4.96877
4.72787
4.49319
4.26471
4.26471
3.82693
3.61816
3.41667
3.22244
3.03596
2.85724
2.68693
2.52502
2.37153
2.22702
2.09166
1.96545
1.8487
1.74142
1.64385
1.55602
1.4779
1.40973
1.3515
1.30338
1.26538
1.23767
1.22023
1.21314
1.21639
1.22998
1.25392
1.28815
1.33269
1.38742
1.45237
1.52751
1.61273
1.708
1.81315
1.92818
2.05285
2.18715
2.33066
2.48337
2.64527
2.81583
2.99486
3.18234
3.37785
3.58138
3.79248
4.01113
4.23734
4.4706
4.71091
4.95773
5.21106
5.47033
5.73554
6.00577
6.28102
6.56129
6.84561
7.13364
7.42539
7.71975
8.01411
8.30847
8.60283
8.89719
9.19155
9.48591
9.78027
10.0746
10.369
10.6633
10.9569
11.2497
11.5411
11.8306
12.1179
12.4031
12.6855
12.965
13.2411
13.5136
13.5136
14.0476
14.3084
14.5645
14.8157
15.0613
15.3012
15.5355
15.7632
15.9842
16.1983
16.4052
16.6048
16.797
16.9815
17.1583
17.3267
17.487
17.6385
17.6385
17.9148
18.0391
18.154
18.2594
18.355
18.441
18.5172
18.5835
18.6398
18.6861
18.7222
18.7481
18.7638
18.7692
18.7642
18.7489
18.7233
18.6875
18.6414
18.5851
18.5186
18.4421
18.3556
18.259
18.1526
18.0364
17.9105
17.7751
17.6303
17.4763
17.3134
17.1417
16.9613
16.7726
16.5759
16.3713
16.1592
15.9396
15.713
15.4794
15.2388
14.9917
14.7382
14.4788
14.2136
13.943
13.6672
13.3871
13.1026
12.8139
12.5218
12.2274
11.9331
11.6387
11.3444
11.3444
10.7556
10.4613
10.1669
9.87256
9.5782
9.28384
8.98998
8.69661
8.40478
8.11448
7.82572
7.53952
7.25621
6.9758
6.69896
6.42567
6.15659
5.89172
5.63106
5.37524
5.12425
4.87871
4.63861
4.40483
4.17736
3.95674
3.74324
3.53711
3.33835
3.14742
2.96435
2.78955
2.62304
2.46482
2.31528
2.17442
2.04262
1.91986
1.80662
1.70289
1.60893
1.52485
1.45075
1.38662
1.33264
1.28881
1.25522
1.2319
1.21883
1.21609
1.22367
1.24159
1.26985
1.30843
1.35732
1.41639
1.48563
1.5649
1.6541
1.75312
1.86198
1.98041
2.10843
2.24603
2.39292
2.5491
2.71424
2.88834
3.07081
3.26165
3.46087
3.66779
3.88216
4.10399
4.33276
4.56847
4.81112
5.06017
5.31562
5.57688
5.84396
6.11593
6.3928
6.67456
6.96023
7.24948
7.54232
7.83668
8.13104
8.4254
8.71976
9.01412
9.30848
9.60284
9.8972
10.1916
10.4857
10.7796
11.0726
11.3643
11.6544
11.943
12.2292
12.5131
12.7941
13.0721
13.3472
13.6186
13.8865
14.15
14.4093
14.6638
14.9133
15.157
15.395
15.6272
15.8527
16.0714
16.2832
16.4875
16.6845
16.8736
17.0549
17.2282
17.3933
17.55
17.6981
17.8374
17.9675
18.0884
18.0884
18.3022
18.3945
18.4771
18.5497
18.6123
18.665
18.665
