0
0
0
0
0
0
0
0
0
0
0
0
0
0
0
0
0
0
0
0
0
0
0
0
0
0
0
0
0
0
0
0
0
0
0
0
0
0
0
0
0
0
0
0
0
0
0
0
0
0
0
0
0
0
0
0
0
0
0
0
0
0
0
0
0
0
0
0
0
0
0
0
0
0
0
0
0
0
0
0
0
0
0
0
0
0
0
0
0
0
0
0
0
0
0
0
0
0
0
0
0
0.0877193
0.175439
0.263158
0.350877
0.438596
0.526316
0.820676
1.11504
1.4094
1.70376
1.99812
2.29248
2.58684
2.8812
3.17556
3.46992
3.76428
4.05864
4.353
4.64736
4.94172
5.23608
5.53044
5.8248
6.11916
6.41352
6.70788
7.00224
7.2966
7.59096
7.88532
8.17968
8.47404
8.7684
9.06276
9.35712
9.65148
9.94584
10.2402
10.5346
10.8289
11.0918
11.3232
11.4904
11.5932
11.6084
11.5357
11.3684
11.1064
10.8121
10.5177
10.2234
9.92901
9.63883
9.35282
9.071
8.82728
8.62166
8.48508
8.41754
8.43919
8.55002
8.74622
9.02778
9.32214
9.6165
9.91086
10.2052
10.4875
10.7577
11.0158
11.2293
11.3982
11.4947
11.5189
11.4551
11.3032
11.0657
10.7714
10.477
10.1826
9.88828
9.6005
9.33623
9.09549
8.908
8.77375
8.69276
8.68396
8.74735
8.88822
9.10656
9.39036
9.68472
9.97908
10.2734
10.5678
10.8287
11.0409
11.2042
11.2967
11.3183
11.2689
11.142
10.9374
10.6656
10.3713
10.0769
9.78257
9.50101
9.23225
8.97629
8.7806
8.6567
8.60459
8.62426
8.72609
8.91006
9.16904
9.4634
9.75776
10.0521
10.3465
10.6408
10.8975
11.1164
11.2976
11.4023
11.4246
11.3642
11.2236
11.0026
10.7083
10.4139
10.1196
9.8252
9.53084
9.2641
9.02498
8.81348
8.67183
8.60838
8.62312
8.71892
8.89577
9.15369
9.44805
9.74241
10.0368
10.3311
10.6233
10.9134
11.1667
11.3833
11.5633
11.6618
11.6788
11.5971
11.4213
11.1514
10.8571
10.5627
10.2684
9.974
9.67964
9.38681
9.09552
8.85746
8.67266
8.54111
8.49545
8.53836
8.66984
8.87964
9.16775
9.46211
9.75647
10.0508
10.3452
10.6395
10.9136
11.1673
11.3672
11.5134
11.5704
11.5384
11.4172
11.2127
10.9367
10.6423
10.348
10.0536
9.75926
9.4649
9.17054
8.90768
8.67633
8.5229
8.4474
8.44983
8.54351
8.72295
8.98813
9.28249
9.57685
9.87121
10.1656
10.4599
10.7445
11.0194
11.2343
11.3891
11.4839
11.4914
11.411
11.2429
11.0016
10.7072
10.4129
10.1185
9.82415
9.52979
9.23543
8.96875
8.72975
8.56554
8.47611
8.46146
8.53739
8.69942
8.94756
9.24192
9.53628
9.83064
10.125
10.4194
10.7064
10.986
11.2241
11.4205
11.5334
11.5626
11.5082
11.365
11.1414
10.847
10.5527
10.2583
9.96396
9.6696
9.37524
9.10033
8.84487
8.65742
8.53797
8.48653
8.52419
8.64873
8.86016
9.13869
9.43305
9.72741
10.0218
10.3161
10.6092
10.901
11.1398
11.3255
11.4581
11.505
11.4632
11.3328
11.124
10.8367
10.5423
10.2479
9.95357
9.65921
9.36485
9.09055
8.83632
8.65059
8.53338
8.48467
8.52517
8.65249
8.86665
9.16101
9.45537
9.74973
10.0441
10.3384
10.6302
10.9194
11.1544
11.3353
11.4621
11.5028
11.4551
11.3188
11.105
10.8134
10.5191
10.2247
9.93036
9.636
9.34164
9.06871
8.81721
8.62053
8.47869
8.4264
8.46368
8.59052
8.80034
9.08079
9.37515
9.66951
9.96387
10.2582
10.5526
10.8469
11.1088
11.3381
11.5021
11.6008
11.6112
11.533
11.3647
11.106
10.8117
10.5173
10.223
9.9286
9.63424
9.34408
9.05813
8.81079
8.60207
8.46336
8.39466
8.41642
8.52865
8.73135
9.02067
9.31503
9.60939
9.90375
10.1981
10.4925
10.7752
11.0462
11.2716
11.4514
11.5563
11.5863
11.5415
11.4033
11.1717
10.8773
10.583
10.2886
9.99423
9.69987
9.40551
9.12882
8.8698
8.66207
8.50562
8.42794
8.42903
8.5226
8.70866
8.98721
9.28157
9.57593
9.87029
10.1647
10.459
10.7534
11.0207
11.261
11.4412
11.5614
11.5967
11.5471
11.4127
11.1872
10.8928
10.5985
10.3041
10.0097
9.71538
9.42102
9.12666
8.86639
8.6402
8.48075
8.38804
8.38476
8.47093
8.64712
8.91333
9.20769
9.50205
9.79641
10.0908
10.3798
10.6635
10.9418
11.1811
11.3813
11.5119
11.5731
11.5452
11.4284
11.2205
10.9261
10.6318
10.3374
10.0431
9.74871
9.46914
9.20437
8.98644
8.81535
8.6911
8.63659
8.65182
8.74732
8.92309
9.17261
9.46697
9.76133
10.0557
10.3468
10.6346
10.9191
11.1495
11.3123
11.4073
11.4195
11.3489
11.1954
10.9625
10.6682
10.3738
10.0794
9.78507
9.49071
9.22633
8.99194
8.78753
8.6545
8.60068
8.62607
8.73235
8.91952
9.18757
9.48193
9.77629
10.0707
10.365
10.6552
10.9413
11.2231
11.4496
11.6207
11.6963
11.6721
11.548
11.3328
11.0384
10.7441
10.4497
10.1553
9.86098
9.56662
9.28044
9.00245
8.76682
8.57355
8.46426
8.43895
8.49762
8.64473
8.87164
9.166
9.46036
9.75472
10.0491
10.3434
10.6378
10.9119
11.1659
11.3661
11.5126
11.5701
11.5386
11.418
11.2139
10.9383
10.644
10.3496
10.0552
9.76089
9.46653
9.17217
8.90922
8.67767
8.51034
8.40722
8.39788
8.48231
8.6605
8.91756
9.21192
9.50628
9.80064
10.095
10.3894
10.6781
10.9613
11.2046
11.4079
11.5403
11.6018
11.569
11.4419
11.2205
10.9272
10.6329
10.3385
10.0442
9.7498
9.45544
9.17581
8.91091
8.69453
8.52667
8.43567
8.42153
8.50031
8.67202
8.93666
9.23102
9.52538
9.81974
10.1141
10.4085
10.7028
10.9731
11.2194
11.4084
11.5401
11.5888
11.5547
11.429
11.2118
10.9175
10.6231
10.3287
10.0344
9.74002
9.44566
9.1513
8.88958
8.66049
8.49677
8.39843
8.38858
8.46723
8.63612
8.89525
9.18961
9.48397
9.77833
10.0727
10.3628
10.6486
10.9301
11.1734
11.3786
11.5147
11.5817
11.5595
11.4481
11.245
10.9506
10.6562
10.3619
10.0675
9.77317
9.49216
9.22451
9.00251
8.82617
8.69548
8.6339
8.64142
8.72937
8.89774
9.14092
9.43528
9.72964
10.024
10.3184
10.6113
10.9028
11.1412
11.3124
11.4164
11.4533
11.4067
11.2767
11.064
10.7696
10.4752
10.1809
9.88653
9.59217
9.32182
9.07548
8.85315
8.69833
8.62015
8.6186
8.69838
8.85948
9.10191
9.39627
9.69063
9.98499
10.2793
10.5737
10.8681
11.1624
11.4057
11.5978
11.6959
11.6942
11.5926
11.3972
11.1081
10.8137
10.5194
10.225
9.93064
9.63628
9.346
9.05981
8.7777
8.55094
8.37953
8.30352
8.32739
8.45113
8.67475
8.96911
9.26347
9.55783
9.85219
10.1465
10.4409
10.7266
11.0037
11.2218
11.3807
11.4805
11.4932
11.4179
11.2548
11.0178
10.7234
10.429
10.1347
9.84033
9.54597
9.25161
8.98398
8.74308
8.57618
8.48327
8.46436
8.53586
8.69355
8.93745
9.23181
9.52617
9.82053
10.1149
10.4092
10.6968
10.9777
11.2175
11.4163
11.5317
11.5637
11.5123
11.372
11.1508
10.8564
10.5621
10.2677
9.97336
9.679
9.38464
9.10918
8.85262
8.6485
8.49682
8.43364
8.45895
8.57276
8.7706
9.04081
9.33517
9.62953
9.92389
10.2182
10.5126
10.807
11.0712
11.3052
11.4761
11.584
11.5986
11.52
11.3481
11.0969
10.8025
10.5082
10.2138
9.91943
9.62507
9.33546
9.05058
8.80483
8.5982
8.46194
8.39603
8.42456
8.54751
8.7649
9.05499
9.34935
9.64371
9.93807
10.2324
10.5268
10.8075
11.0745
11.2939
11.4658
11.5902
11.6283
11.5801
11.4389
11.2129
10.9185
10.6242
10.3298
10.0355
9.74111
9.44675
9.16763
8.90375
8.68888
8.52301
8.40614
8.37623
8.43327
8.58254
8.81527
9.10963
9.40399
9.69835
9.99271
10.2871
10.5814
10.8589
11.1194
11.3294
11.4889
11.5607
11.5448
11.4412
11.2529
10.9907
10.6964
10.402
10.1077
9.81329
9.51893
9.22457
8.95853
8.72082
8.54441
8.42932
8.4067
8.47655
8.63886
8.88131
9.17567
9.47003
9.76439
10.0588
10.3531
10.644
10.9315
11.181
11.3926
11.5222
11.5699
11.5355
11.4108
11.203
10.9121
10.6178
10.3234
10.0291
9.7347
9.44034
9.16159
8.89847
8.68471
8.5203
8.40526
8.37732
8.4365
8.58773
8.8221
9.11646
9.41082
9.70518
9.99954
10.2939
10.5883
10.8653
11.1251
11.3339
11.4918
11.5711
11.5719
11.4802
11.2959
11.0191
10.7247
10.4304
10.136
9.84166
9.5473
9.25294
8.98523
8.74417
8.56286
8.44128
8.40432
8.45196
8.59074
8.82065
9.11501
9.40937
9.70373
9.99809
10.2924
10.5868
10.8812
11.141
11.3662
11.5243
11.6153
11.6164
11.5279
11.3442
11.0653
10.7709
10.4766
10.1822
9.88784
9.60008
9.31893
9.07787
8.87691
8.71604
8.6213
8.59267
8.64521
8.77891
8.98451
9.26199
9.55635
9.85071
10.1451
10.4394
10.7079
10.9505
11.1673
11.3281
11.4329
11.4596
11.408
11.2705
11.0471
10.7528
10.4584
10.1641
9.8697
9.58301
9.30399
9.03265
8.80227
8.61288
8.49399
8.44562
8.48591
8.61486
8.82536
9.11741
9.41177
9.70613
10.0005
10.2948
10.5892
10.8662
11.1259
11.3345
11.4922
11.5712
11.5718
11.4798
11.2952
11.0181
10.7238
10.4294
10.1351
9.8407
9.54634
9.25198
8.98433
8.74338
8.56223
8.44088
8.40417
8.4521
8.59116
8.82135
9.11571
9.41007
9.70443
9.99879
10.2932
10.5875
10.8819
11.1416
11.3668
11.5248
11.6156
11.6166
11.5278
11.3491
11.0804
10.786
10.4917
10.1973
9.90296
9.6086
9.31996
9.03702
8.79412
8.59126
8.45939
8.39851
8.42833
8.54885
8.76007
9.05443
9.34879
9.64315
9.93751
10.2319
10.5262
10.8069
11.074
11.2935
11.4656
11.5615
11.5812
11.509
11.3449
11.1016
10.8073
10.5129
10.2185
9.92419
9.62983
9.33547
9.0629
8.81213
8.61652
8.47608
8.4171
8.43956
8.5552
8.76404
9.0584
9.35276
9.64712
9.94148
10.2358
10.5302
10.7933
11.0253
11.226
11.3664
11.4464
11.4464
