0
0
0
0
0
0
0
0
0
0
0
0
0
0
0
0
0
0
0
0
0
0
0
0
0
0
0
0
0
0
0
0
0
0
0
0
0
0
0
0
0
0
0
0
0
0
0
0
0
0
0
0
0
0
0
0
0
0
0
0
0
0
0
0
0
0
0
0
0
0
0
0
0
0
0
0
0
0
0.175439
0.175439
0.263158
0.438596
0.526316
0.526316
0.820676
1.11504
1.4094
1.70376
1.99812
2.29248
2.58684
2.8812
3.17556
3.46992
3.76428
4.05864
4.353
4.64736
4.94172
5.23608
5.53044
5.8248
6.11916
6.41352
6.70788
7.00224
7.2966
7.59096
7.88532
8.17968
8.47404
8.7684
9.06276
9.35712
9.65148
9.94584
10.2402
10.5063
10.7787
10.9256
11.0128
10.9417
10.7616
10.4688
10.1744
9.88054
9.58618
9.29182
9.08078
8.88381
8.88924
9.00291
9.26991
9.56427
9.85863
10.153
10.3947
10.653
10.8018
10.904
10.864
10.7295
10.5006
10.2063
9.91193
9.67072
9.40522
9.24155
9.17917
9.22537
9.36087
9.58949
9.88385
10.1782
10.4726
10.6766
10.8597
11.0218
11.0455
10.9896
10.7671
10.4728
10.1784
9.88405
9.60335
9.30899
9.12904
8.9958
9.02095
9.14866
9.40437
9.69873
9.99309
10.2874
10.5818
10.7383
10.861
10.8437
10.7105
10.4801
10.1857
9.89136
9.597
9.38475
9.18529
9.11792
9.123
9.20052
9.41332
9.70768
10.002
10.2964
10.5212
10.6764
10.7438
10.7499
10.6421
10.4468
10.1878
9.89345
9.63047
9.34538
9.05102
8.86579
8.72407
8.80594
9.02135
9.31571
9.61007
9.90443
10.1988
10.4351
10.6826
10.8165
10.8991
10.8406
10.6861
10.4354
10.141
9.84666
9.61807
9.37288
9.23423
9.19829
9.26885
9.42956
9.67229
9.96665
10.2521
10.5465
10.7429
10.9096
11.0466
11.0384
10.9427
10.69
10.3956
10.1013
9.80692
9.5353
9.25174
9.08955
8.98207
9.03428
9.19368
9.47331
9.76767
10.062
10.3564
10.6507
10.8685
11.0789
11.0921
11.0031
10.7591
10.4648
10.1704
9.87606
9.63095
9.36578
9.20758
9.09283
9.02154
9.0934
9.25856
9.54391
9.83827
10.1326
10.4114
10.6398
10.8527
10.9305
10.9329
10.7916
10.5407
10.2464
9.95201
9.69284
9.40466
9.1103
8.98515
8.93009
9.04392
9.2902
9.58456
9.87892
10.1585
10.4529
10.661
10.8505
10.9029
10.8775
10.7174
10.4509
10.1565
9.86215
9.56779
9.39035
9.22915
9.19528
9.27116
9.44577
9.71513
10.0095
10.3039
10.5307
10.7565
10.8584
10.8978
10.8747
10.7119
10.4481
10.1538
9.85941
9.61267
9.41713
9.29626
9.22099
9.26584
9.39355
9.61128
9.90564
10.2
10.4944
10.6959
10.8738
11.0282
11.0423
10.9744
10.7431
10.4487
10.1543
9.85997
9.5821
9.28774
9.10996
8.98139
9.0132
9.14982
9.41401
9.70837
10.0027
10.2971
10.5915
10.7469
10.8673
10.8468
10.71
10.476
10.1816
9.88725
9.59289
9.38112
9.18263
9.1166
9.12345
9.20316
9.41803
9.71239
10.0067
10.3011
10.5254
10.6795
10.7454
10.7454
10.6976
10.562
10.35
10.0558
9.7614
9.46704
9.33939
9.27449
9.27235
9.37881
9.54587
9.78608
10.0035
10.2461
10.514
10.6986
10.8543
10.8745
10.8123
10.6412
10.3744
10.08
9.86247
9.68672
9.52717
9.46277
9.45404
9.50098
9.62082
9.80494
10.0141
10.2679
10.4737
10.6778
10.7721
10.8106
10.7933
10.6409
10.3931
10.1482
9.9146
9.66359
9.50925
9.39452
9.31939
9.34725
9.44639
9.62796
9.88639
10.1556
10.4499
10.6638
10.8595
10.871
10.7813
10.5905
10.3617
10.1174
9.8304
9.53604
9.32422
9.13236
9.07967
9.10655
9.27058
9.54299
9.81465
10.109
10.4034
10.5489
10.6127
10.6119
10.5316
10.3792
10.1548
9.91319
9.62689
9.40569
9.1947
9.11345
9.10217
9.23235
9.46824
9.7626
10.0071
10.2221
10.4361
10.5483
10.6092
10.6187
10.5361
10.3818
10.1729
9.90095
9.65138
9.38145
9.27754
9.24646
9.28821
9.42475
9.61294
9.86887
10.0879
10.3225
10.5724
10.731
10.8516
10.838
10.7384
10.5275
10.2331
9.93878
9.68819
9.41015
9.29847
9.28253
9.3492
9.48652
9.70047
9.99105
10.2755
10.5699
10.7641
10.9259
10.902
10.7692
10.5274
10.2703
10.0117
9.72132
9.52836
9.36821
9.24087
9.2295
9.29251
9.46259
9.72338
10.0177
10.3121
10.539
10.7638
10.8109
10.768
10.6351
10.4427
10.2207
9.94669
9.73732
9.53423
9.33741
9.24401
9.20544
9.29006
9.46369
9.7155
10.0099
10.2876
10.582
10.7058
10.7611
10.7478
10.627
10.4466
10.1923
9.89799
9.63216
9.34368
9.16448
9.02858
9.04613
9.16206
9.37694
9.6713
9.96566
10.1694
10.3293
10.4692
10.5185
10.5126
10.4515
10.3249
10.1379
9.93482
9.69344
9.50568
9.32558
9.29663
9.34709
9.47695
9.65058
9.84491
10.0804
10.2558
10.4217
10.5782
10.6448
10.6618
10.5766
10.4154
10.1944
9.90555
9.61119
9.40696
9.21385
9.19475
9.27271
9.44548
9.65402
9.92786
10.2222
10.4683
10.7228
10.8586
10.9393
10.8729
10.7053
10.4334
10.139
9.9147
9.67401
9.41694
9.31355
9.30315
9.37358
9.5107
9.72158
10.0062
10.2827
10.577
10.772
10.9338
10.947
10.8693
10.6595
10.3651
10.0708
9.80193
9.50757
9.37217
9.32663
9.35501
9.45732
9.63759
9.8938
10.1594
10.4538
10.6679
10.8633
11.0399
11.032
10.8808
10.6091
10.3147
10.0204
9.72601
9.49857
9.26873
9.15937
9.10905
9.19765
9.38523
9.66277
9.95713
10.2515
10.4615
10.6765
10.7778
10.7742
10.667
10.4682
10.204
9.90963
9.64577
9.35788
9.17744
9.0387
9.05196
9.16207
9.36903
9.66339
9.95775
10.2327
10.478
10.6635
10.8216
10.8509
10.802
10.6309
10.3596
10.0652
9.77088
9.53544
9.29232
9.16628
9.09494
9.0783
9.22009
9.46844
9.7628
10.0572
10.3448
10.6392
10.8244
10.969
10.9601
10.8542
10.6192
10.3248
10.0305
9.73609
9.50746
9.27525
9.03945
8.97791
9.0017
9.18085
9.47474
9.7691
10.0635
10.3157
10.5952
10.7731
10.9139
10.9098
10.8146
10.5962
10.3019
10.0075
9.74918
9.45531
9.25605
9.15552
9.16606
9.26419
9.4711
9.76546
10.0598
10.3542
10.5722
10.7831
10.8664
10.8823
10.8308
10.6389
10.3445
10.0502
9.75583
9.49022
9.2187
9.07314
8.9876
9.0603
9.24213
9.53612
9.83048
10.1234
10.4178
10.7122
10.8535
10.9457
10.886
10.7042
10.4251
10.1307
9.84057
9.54621
9.33944
9.15145
9.10023
9.12679
9.23113
9.46333
9.75769
10.052
10.3403
10.5877
10.829
10.9381
10.9779
10.8661
10.6437
10.3494
10.055
9.78036
9.486
9.19164
9.05946
8.9878
9.0771
9.29403
9.58839
9.88275
10.1654
10.4597
10.6667
10.8542
10.9041
10.8756
10.7126
10.4432
10.1489
9.85658
9.56222
9.35382
9.23162
9.21005
9.26456
9.42901
9.68647
9.98083
10.2752
10.5068
10.7407
10.853
10.9056
10.8986
10.7379
10.4706
10.1763
9.88191
9.60145
9.30709
9.12734
8.99451
9.02026
9.14876
9.40523
9.69959
9.99395
10.2883
10.5827
10.7391
10.8616
10.844
10.7105
10.4797
10.1854
9.89099
9.59663
9.38443
9.18505
9.11781
9.12304
9.26354
9.50791
9.80227
10.0966
10.391
10.5759
10.7494
10.7987
10.7393
10.5801
10.3268
10.0324
9.73806
9.50436
9.26685
9.14987
9.09125
9.17446
9.35777
9.63539
9.92975
10.2241
10.4378
10.6598
10.7704
10.7772
10.6802
10.4926
10.2354
9.94106
9.67135
9.37699
9.18774
9.03719
9.03922
9.13689
9.33019
9.62455
9.91891
10.2001
10.4561
10.6555
10.8313
10.8763
10.8442
10.6828
10.4183
10.1239
9.82957
9.58642
9.32868
9.05635
8.9567
8.93609
9.08212
9.35585
9.65021
9.94457
10.2132
10.5076
10.7105
10.8884
10.924
10.876
10.6941
10.4033
10.1089
9.8284
9.53404
9.32757
9.21063
9.19717
9.26289
9.43849
9.70862
10.003
10.2973
10.5249
10.7521
10.9789
11.029
10.9905
10.7983
10.504
10.2096
9.91524
9.66551
9.39112
9.22016
9.08859
9.10128
9.20579
9.43012
9.72448
10.0188
10.2723
10.5581
10.7474
10.8374
10.817
10.7086
10.4959
10.2015
9.90716
9.6128
9.39869
9.19551
9.123
9.12129
9.25531
9.49258
9.78694
10.0813
10.3757
10.5911
10.7277
10.7693
10.7413
10.6018
10.3716
10.0904
9.79599
9.55121
9.29579
9.02973
8.94014
8.93347
9.09346
9.37982
9.67418
9.96854
10.2329
10.5272
10.7284
10.9021
10.9318
10.8756
10.6858
10.3915
10.0971
9.82027
9.52591
9.31997
9.2045
9.19336
9.26229
9.4411
9.71488
10.0092
10.3036
10.53
10.7553
10.8568
10.896
10.8728
10.7009
10.4236
10.1293
9.8349
9.55998
9.26984
9.09854
8.97905
9.02003
9.16716
9.43891
9.73327
10.0276
10.2694
10.5426
10.721
10.8032
10.7796
10.6711
10.464
10.1696
9.87523
9.58087
9.37052
9.17486
9.11274
9.12475
9.27157
9.52286
9.81722
10.1116
10.4059
10.6178
10.7473
10.779
10.738
10.5863
10.3429
10.0531
9.75877
9.52094
9.27685
9.15183
9.08322
9.15793
9.33251
9.60696
9.90132
10.1957
10.4347
10.616
10.718
10.7688
10.7017
10.5501
10.3177
10.0234
9.7368
9.44244
9.24747
9.08349
9.06573
9.13658
9.29603
9.5702
9.86456
10.1585
10.4337
10.6556
10.8589
10.9264
10.9168
10.7662
10.5065
10.2121
9.91774
9.66364
9.38457
9.09021
8.96575
8.91375
9.03285
9.28596
9.58032
9.87468
10.154
10.4484
10.657
10.8476
10.9015
10.8781
10.7198
10.4553
10.1609
9.86658
9.57222
9.39403
9.23155
9.19606
9.27018
9.44314
9.71076
10.0051
10.2995
10.5271
10.7541
10.8575
10.8989
10.8783
10.708
10.4319
10.1375
9.84317
9.56727
9.27519
9.10119
8.97815
9.01582
9.15931
9.42874
9.7231
10.0175
10.3118
10.5348
10.7557
10.9746
11.0176
10.9716
10.7749
10.4805
10.1862
9.89181
9.64485
9.37596
9.37596
