0
0
0
0
0
0
0
0
0
0
0
0
0
0
0
0
0
0
0
0
0
0
0
0
0
0
0
0
0
0
0
0
0
0
0
0
0
0
0
0
0
0
0
0
0
0
0
0
0
0
0
0
0
0
0
0
0
0
0
0
0
0
0
0
0
0
0
0
0
0
0
0
0
0
0
0
0
0
0
0
0
0
0
0
0
0
0
0
0
0
0
0
0
0
0
0
0
0
0
0
0
0
0
0
0
0
0
0
0
0
0
0
0
0
0
0
0
0
0
0
0
0
0
0
0
0
0
0
0
0
0
0
0
0
0
0
0
0
0
0
0
0
0
0
0
0
0
0
0
0
0
0
0
0
0
0
0
0
0
0
0
0
0
0
0
0
0
0
0
0
0
0
0
0
0
0
0
0
0
0
0
0
0
0
0
0
0
0
0
0
0
0
0
0
0
0
0
0
0
0
0
0
0
0
0
0
0
0
0
0
0
0
0
0
0
0
0
0
0
0
0
0
0
0
0
0
0
0
0
0
0
0
0
0
0
0
0
0
0
0
0
0
0
0
0
0
0
0
0
0
0
0
0
0
0
0
0
0
0
0
0
0
0
0
0
0
0
0
0
0
0
0
0
0
0
0
0
0
0
0
0
0
0
0
0
0
0
0
0
0
0
0
0
0
0
0
0
0
0
0
0
0
0
0
0
0
0
0
0
0
0
0
0
0
0
0
0
0
0
0
0
0
0
0
0
0
0
0
0
0
0
0
0
0
0
0
0
0
0
0
0
0
0
0
0
0
0
0
0
0
0
0
0
0
0
0
0
0
0
0
0
0
0
0
0
0
0
0
0
0
0
0
0
0
0
0
0
0
0
0
0
0
0
0
0
0
0
0
0
0
0
0
0
0
0
0
0
0
0
0
0
0
0
0
0
0
0
0
0
0
0
0
0
0
0
0
0
0
0
0
0
0
0
0
0
0
0
0
0
0
0
0
0
0
0
0
0
0
0
0
0
0
0
0
0
0
0
0
0
0
0
0
0
0
0
0
0
0
0
0
0
0
0
0
0
0
0
0
0
0
0
0
0
0
0
0
0
0
0
0
0
0
0
0
0
0
0
0
0
0
0
0
0
0
0
0
0
0
0
0
0
0
0
0
0
0
0
0
0
0
0
0
0
0
0
0
0
0
0
0
0
0
0
0
0
0
0
0
0
0
0
0
0
0
0
0
0
0
0
0
0
0
0
0
0
0
0
0
0
0
0
0
0
0
0
0
0
0
0
0
0
0
0
0
0
0
0
0
0
0
0
0
0
0
0
0
0
0
0
0
0
0
0
0
0
0
0
0
0
0
0
0
0
0
0
0
0
0
0
0
0
0
0
0
0
0
0
0
0
0
0
0
0
0
0
0
0
0
0
0
0
0
0
0
0
0
0
0
0
0
0
0
0
0
0
0
0
0
0
0
0
0
0
0
0
0
0
0
0
0
0
0
0
0
0
0
0
0
0
0
0
0
0
0
0
0
0
0
0
0
0
0
0
0
0
0
0
0
0
0
0
0
0
0
0
0
0
0
0
0
0
0
0
0
0
0
0
0
0
0
0
0
0
0
0
0
0
0
0
0
0
0
0
0
0
0
0
0
0
0
0
0
0
0
0
0
0
0
0
0
0
0
0
0
0
0
0
0
0
0
0
0
0
0
0
0
0
0
0
0
0
0
0
0
0
0
0
0
0
0
0
0
0
0
0
0
0
0
0
0
0
0
0
0
0
0
0
0
0
0
0
0
0
0
0
0
0
0
0
0
0
0
0
0
0
0
0
0
0
0
0
0
0
0
0
0
0
0
0
0
0
0
0
0
0
0
0
0
0
0
0
0
0
0
0
0
0
0
0
0
0
0
0
0
0
0
0
0
0
0
0
0
0
0
0
0
0
0
0
0
0
0
0
0
0
0
0
0
0
0
0
0
0
0
0
0
0
0
0
0
0
0
0
0
0
0
0
0
0
0
0
0
0
0
0
0
0
0
0
0
0
0
0
0
0
0
0
0
0
0
0
0
0
0
0
0
0
0
0
0
0
0
0
0
0
0
0
0
0
0
0
0
0
0
0
0
0
0
0
0
0
0
0
0
0
0
0
0
0
0
0
0
0
0
0
0
0
0
0
0
0
0
0
0
0
0
0
0
0
0
0
0
0
0
0
0
0
0
0
0
0
0
0
0
0
0
0
0
0
0
0
0
0
0
0
0
0
0
0
0
0
0
0
0
0
0
0
0
0
0
0
0
0
0
0
0
0
0
0
0
0
0
0
0
0
0
0
0
0
0
0
0
0
0
0
0
0
0
0
0
0
0
0
0
0
0
0
0
0
0
0
0
0
0
0
0
0
0
0
0
0
0
0
0
0
0
0
0
0
0
0
0
0
0
0
0
0
0
0
0
0
0
0
0
0
0
0
0
0
0
0
0
0
0
0
0
0
0
0
0
0
0
0
0
0
0
0
0
0
0
0
0
0
0
0
0
0
0
0
0
0
0
0
0
0
0
0
0
0
0
0
0
0
0
0
0
0
0
0
0
0
0
0
0
0
0
0
0
0
0
0
0
0
0
0
0
0
0
0
0
0
0
0
0
0
0
0
0
0
0
0
0
0
0
0
0
0
0
0
0
0
0
0
0
0
0
0
0
0
0
0
0
0
0
0
0
0
0
0
0
0
0
0
0
0
0
0
0
0
0
0
0
0
0
0
0
0
0
0
0
0
0
0
0
0
0
0
0
0
0
0
0
0
0
0
0
0
0
0
0
0
0
0
0
0
0
0
0
0
0
0
0
0
0
0
0
0
0
0
0
0
0
0
0
0
0
0
0
0
0
0
0
0
0
0
0
0
0
0
0
0
0
0
0
0
0
0
0
0
0
0
0
0
0
0
0
0
0
0
0
0
0
0
0
0
0
0
0
0
0
0
0
0
0
0
0
0
0
0
0
0
0
0
0
0
0
0
0
0
0
0
0
0
0
0
0
0
0
0
0
0
0
0
0
0
0
0
0
0
0
0
0
0
0
0
0
0
0
0
0
0
0
0
0
0
0
0
0
0
0
0
0
0
0
0
0
0
0
0
0
0
0
0
0
0
0
0
0
0
0
0
0
0
0
0
0
0
0
0
0
0
0
0
0
0
0
0
0
0
0
0
0
0
0
0
0
0
0
0
0
0
0
0
0
0
0
0
0
0
0
0
0
0
0
0
0
0
0
0
0
0
0
0
0
0
0
0
0
0
0
0
0
0
0
0
0
0
0
0
0
0
0
0
0
0
0
0
0
0
0
0
0
0
0
0
0
0
0
0
0
0
0
0
0
0
0
0
0
0
0
0
0
0
0
0
0
0
0
0
0
0
0
0
0
0
0
0
0
0
0
0
0
0
0
0
0
0
0
0
0
0
0
0
0
0
0
0
0
0
0
0
0
0
0
0
0
0
0
0
0
0
0
0
0
0
0
0
0
0
0
0
0
0
0
0
0
0
0
0
0
0
0
0
0
0
0
0
0
0
0
0
0
0
0
0
0
0
0
0
0
0
0
0
0
0
0
0
0
0
0
0
0
0
0
0
0
0
0
0
0
0
0
0
0
0
0
0
0
0
0
0
0
0
0
0
0
0
0
0
0
0
0
0
0
0
0
0
0
0
0
0
0
0
0
0
0
0
0
0
0
0
0
0
0
0
0
0
0
0
0
0
0
0
0
0
0
0
0
0
0
0
0
0
0
0
0
0
0
0
0
0
0
0
0
0
0
0
0
0
0
0.0877193
0.175439
0.263158
0.350877
0.438596
0.526316
0.820676
1.11504
1.4094
1.70376
1.99812
2.29248
2.58684
2.8812
3.17556
3.46992
3.76428
4.05864
4.05864
4.64736
4.94172
4.94172
5.46431
5.75867
6.05303
6.34739
6.34739
6.93611
7.23047
7.52483
7.61831
7.87485
8.11177
8.40613
8.6083
8.90266
8.93569
9.03333
9.13402
9.2442
9.2442
9.50724
9.58162
9.685
9.73368
9.8009
9.88666
9.93638
9.99783
10.0072
10.0203
10.0038
9.98687
9.97909
9.97209
9.97282
9.97485
9.97752
9.98168
9.9841
9.9876
9.9876
9.9919
9.99516
9.99711
9.99953
9.99953
10.0006
9.99976
9.99886
9.99876
9.99877
9.99885
9.999
9.99912
9.99929
9.99939
9.99953
9.99971
9.99982
9.99996
9.99999
10
9.99998
9.99993
9.99988
9.9999
9.99991
9.99994
9.99995
9.99996
9.99997
9.99997
9.99997
9.99999
10
10
10
10
10
9.99999
9.99999
10
10
10
10
10
10
10
10
10
10
10
10
10
10
10
10
10
10
10
10
10
10
10
10
10
10
10
10
10
10
10
10
10
10
10
10
10
10
10
10
10
10
10
10
10
10
10
10
10
10
10
10
10
10
10
10
10
10
10
10
10
10
10
10
10
10
10
10
10
10
10
10
10
10
10
10
10
10
10
10
10
10
10
10
10
10
10
10
10
10
10
10
10
10
10
10
10
10
10
10
10
10
10
10
10
10
10
10
10
10
10
10
10
10
10
10
10
10
10
10
10
10
10
10
10
10
10
10
10
10
10
10
10
10
10
10
9.99999
9.99999
9.99998
9.99998
9.99997
9.99996
9.99996
9.99995
9.99996
9.99997
9.99998
9.99999
9.99997
9.99996
9.99993
9.99992
9.99991
9.99992
9.99986
9.99983
9.99982
9.99977
9.99979
9.99985
9.99984
9.99985
9.99989
9.99971
9.99959
9.99943
9.99935
9.99934
9.99942
9.99918
9.99908
9.99913
9.99819
9.99797
9.99812
9.99827
9.99873
9.99944
9.99966
10.0001
9.99991
9.9999
9.9995
9.9993
9.999
9.99892
9.99865
9.99869
9.99893
9.99885
9.99892
9.99919
9.99923
9.99943
9.99976
9.99989
10.0001
10.0001
10.0001
9.99989
9.99978
9.99972
9.99965
9.99966
9.99964
9.9997
9.99981
9.99986
9.99993
10
10.0001
10.0001
10.0001
10.0001
10.0001
10
10.0001
10.0001
10.0001
10.0001
10.0001
10.0001
10.0001
10.0001
10
10.0001
10.0001
10.0001
10.0002
10.0002
10.0002
10.0002
10.0002
10.0002
10.0002
10.0002
10.0002
10.0001
10.0001
10
10.0001
10
10.0001
10.0001
10.0001
10.0002
10.0002
10.0002
10.0002
10.0002
10.0001
10.0001
10
10
9.99997
9.99998
9.99998
10
10.0001
10.0001
10.0001
10.0001
10.0001
10.0001
10
10
10
10
10
10
10
10
10
10
10
10
10
9.99999
10
10
10
10
10
9.99998
10
10
10
10
10
10
9.99998
9.99996
9.99995
9.99995
9.99996
9.99997
9.99998
10
10
10
10
10
10
10
9.99999
9.99998
9.99997
9.99996
9.99997
9.99998
10
10
9.99998
9.99998
9.99999
10
10
10
10
10
9.99999
9.99998
9.99997
9.99997
9.99998
9.99999
10
9.99999
9.99998
9.99998
9.99998
9.99998
10
10
10
10
10
10
9.99999
9.99997
9.99998
9.99999
10
10
9.99999
9.99998
9.99997
9.99999
10
10
10
10
10
10
10
10
10
9.99999
9.99998
9.99998
9.99998
9.99999
10
10
10
10
10
10
9.99999
9.99997
9.99999
10
10
10
10
9.99998
10
10
10
10
10
10
10
9.99998
9.99996
9.99997
9.99997
9.99998
9.99999
10
10
10
10
10
10
10
9.99999
9.99998
9.99997
9.99997
9.99998
10
10
10
10
9.99999
9.99998
9.99998
9.99999
10
10
10
10
10
10
10
10
10
10
9.99999
9.99998
9.99998
9.99998
9.99998
10
10
10
10
10
10
10
9.99999
9.99998
9.99999
9.99998
9.99997
9.99997
9.99998
9.99998
10
10
10
9.99999
9.99999
9.99999
10
10
10
10
10
9.99999
9.99999
9.99998
9.99998
10
10
10
10
10
10
10
9.99998
9.99999
9.99999
10
10
10
10
9.99999
9.99999
10
10
10
10
10
9.99999
9.99999
9.99999
9.99998
10
10
10
9.99999
9.99998
9.99999
10
10
10
10
9.99999
9.99998
9.99998
9.99998
9.99998
9.99998
9.99999
10
10
10
9.99999
9.99996
9.99999
10
10
10
10
10
9.99999
9.99999
9.99998
9.99998
10
10
10
9.99998
9.99997
9.99998
10
10
10
10
10
9.99999
9.99998
9.99997
9.99997
10
10
10
9.99998
9.99997
9.99998
10
10
10
10
10
9.99999
9.99998
9.99998
9.99997
10
10
10
9.99998
9.99996
9.99998
10
10
10
10
10
10
9.99999
9.99998
9.99998
10
10
10
10
10
10
10
9.99998
9.99999
9.99999
10
10
10
9.99999
9.99999
9.99998
9.99998
10
10
10
10
10
10
10
9.99998
9.99999
9.99999
9.99999
9.99999
9.99999
9.99999
9.99999
10
10
10
10
10
10
10
9.99998
9.99999
9.99999
9.99998
9.99998
9.99998
9.99996
9.99995
9.99997
10
10
10
10
10
10
10.0001
10.0001
10.0001
10.0001
10.0002
10.0003
10.0004
10.0004
10.0005
10.0005
10.0006
10.0006
10.0005
10.0007
10.0008
10.0011
10.0011
10.0009
10.0006
10.0007
10.0006
10.0008
10.0008
10.0009
10.0008
10.0008
10.0007
10.0004
10.0007
10.0008
10.0012
10.0013
10.0012
10.0009
10.0009
10.0007
10.0006
10.0003
10.0003
10.0002
10.0001
10
10
10
9.99996
9.99996
9.99995
9.99997
10
10
10
10.0001
10.0001
10
10
10
10
10
10
10
10
10
10
10
10
10
10
10
10
10
10
10
10
10
10
10
10
10
10
10
10
10
10
10
10
10
10
10
10
10
10
10
10
10
10
10
10
10
10
10
10
10
10
10
10
10
10
10
10
10
10
10
10
10
10
10
10
10
10
10
10
10
10
10
10
10
10
10
10
10
10
10
10
10
10
10
10
10
10
10
10
10
10
10
10
10
10
10
10
10
10
10
10
10
10
10
10
10
10
10
10
10
10
10
10
10
10
10
10
10
10
10
10
10
10
10
10
10
10
10
10
10
10
10
10
10
10
10
10
10
10
10
10
10
10
10
10
10
10
10
10
10
10
10
10
10
10
10
10
10
10
10
10
10
10
10
10
10
10
10
10
10
10
10
10
10
10
10
10
10
10
10
10
10
10
10
10
10
10
10
10
10
10
10
10
10
10
10
10
10
10
10
10
10
10
10
10
10
10
10
10
10
10
10
10
10
10
10
10
10
10
10
10
10
10
10
10
10
10
10
