9.999,-2.7285e-60,-0.005,0.017836
9.999,-2.7285e-60,-0.005,0.001015
9.999,-2.7285e-60,-0.005,0.003712
9.999,-2.7285e-60,-0.005,0.003654
9.999,-2.7285e-60,-0.005,0.002123
9.999,-2.7285e-60,-0.005,0.001372
9.999,-2.7285e-60,-0.005,0.001205
9.999,-2.7285e-60,-0.005,0.003316
9.91228,-2.7285e-60,-0.005,0.001706
9.82456,-2.7285e-60,-0.00324561,0.003613
9.73684,-2.7285e-60,-0.000263158,0.00321
9.64912,-2.72605e-60,-0.000526316,0.003296
9.5614,-2.71622e-60,-0.00245614,0.002095
9.47368,-2.70885e-60,-0.00131579,0.003945
9.17932,-2.6892e-60,-0.00184211,0.009455
8.88496,6.40817e-08,0.00174438,0.00983
8.88496,6.40817e-08,0.00174438,0.004705
8.29624,-2.05384e-08,0.00125574,0.009899
8.29624,-2.05384e-08,0.00125574,0.006313
7.70752,-1.73352e-07,0.0022183,0.010245
7.70752,-1.73352e-07,0.0022183,0.007314
7.70752,-1.73352e-07,0.0022183,0.005478
7.1188,-3.66252e-07,-0.000367949,0.007739
7.1188,-3.66252e-07,-0.000367949,0.010112
6.53008,-7.17926e-07,-0.001503,0.003844
6.53008,-7.17926e-07,-0.001503,0.011912
5.94136,-8.26798e-07,-0.00118686,0.0039
5.94136,-8.26798e-07,-0.00118686,0.00488
5.05828,-5.2268e-07,-0.00236665,0.013228
5.05828,-5.2268e-07,-0.00236665,0.007334
4.53569,-1.58827e-07,-0.000400074,0.005746
4.24133,1.10289e-07,0.00111393,0.00435
3.94697,3.26032e-07,0.000940586,0.00389
3.94697,3.26032e-07,0.000940586,0.010558
3.65261,4.30907e-07,0.00011996,0.007042
3.65261,4.30907e-07,0.00011996,0.006296
3.65261,4.30907e-07,0.00011996,0.010368
2.76953,4.13134e-07,0.0013752,0.00773
2.76953,4.13134e-07,0.0013752,0.007234
2.38169,3.58727e-07,0.00126929,0.004428
2.38169,3.58727e-07,0.00126929,0.003973
1.88823,1.46044e-07,-0.00140601,0.006542
1.88823,1.46044e-07,-0.00140601,0.007666
1.09734,-3.18307e-07,-0.00111777,0.003826
1.09734,-3.18307e-07,-0.00111777,0.005133
0.966673,-2.93953e-07,-0.00211529,0.005836
0.865977,-2.14149e-07,-0.00144876,0.006377
0.755796,-5.55642e-08,-0.00123171,0.01086
0.755796,-5.55642e-08,-0.00123171,0.005235
0.49276,3.59421e-07,0.00181471,0.004089
0.49276,3.59421e-07,0.00181471,0.008538
0.314996,7.23018e-07,3.75935e-05,0.00617
0.314996,7.23018e-07,3.75935e-05,0.009754
0.314996,7.23018e-07,3.75935e-05,0.004476
0.199103,7.67644e-07,0.00166394,0.003891
0.199103,7.67644e-07,0.00166394,0.006241
0.0636157,7.89534e-07,0.00208718,0.004395
0.0636157,7.89534e-07,0.00208718,0.00498
-0.00718724,6.03306e-07,0.000771481,0.006933
-0.00718724,6.03306e-07,0.000771481,0.005783
0.0131334,-7.68966e-08,0.00139679,0.00692
0.0131334,-7.68966e-08,0.00139679,0.005172
0.0279108,-5.70241e-07,-0.00071595,0.004122
0.02718,-8.43782e-07,-0.000157736,0.00626
0.0251501,-1.04701e-06,-0.000385867,0.00688
0.0251501,-1.04701e-06,-0.000385867,0.004589
0.0183216,-1.33575e-06,-0.00133839,0.004479
0.0183216,-1.33575e-06,-0.00133839,0.00457
0.0124046,-1.44328e-06,-0.00202287,0.012564
0.0124046,-1.44328e-06,-0.00202287,0.006181
0.0124046,-1.44328e-06,-0.00202287,0.005324
0.00809501,-1.28859e-06,-0.00248326,0.00998
0.00809501,-1.28859e-06,-0.00248326,0.007394
0.00289396,-8.70095e-07,-0.00225794,0.010952
0.00289396,-8.70095e-07,-0.00225794,0.005343
-0.000612516,1.8617e-07,-0.00219048,0.003847
-0.000612516,1.8617e-07,-0.00219048,0.006855
0.00113625,1.06451e-06,0.00219786,0.004365
0.00124109,1.53513e-06,0.00217513,0.007142
0.00122967,1.84623e-06,0.00215031,0.006229
0.00122967,1.84623e-06,0.00215031,0.004987
0.000999052,2.08108e-06,0.00210271,0.009122
0.000999052,2.08108e-06,0.00210271,0.004863
0.00070967,1.92271e-06,0.00206505,0.00679
0.00070967,1.92271e-06,0.00206505,0.005637
0.00070967,1.92271e-06,0.00206505,0.007284
0.000474644,1.48828e-06,0.0020386,0.006478
0.000474644,1.48828e-06,0.0020386,0.007709
0.00018319,8.61251e-07,0.00202321,0.0067
0.00018319,8.61251e-07,0.00202321,0.005619
-2.65874e-05,-3.14879e-07,0.00201839,0.006945
-2.65874e-05,-3.14879e-07,0.00201839,0.0043
-2.65874e-05,-3.14879e-07,0.00201839,0.007666
0.000120132,-1.66151e-06,-0.00201711,0.005436
0.000103068,-2.13438e-06,-0.00201471,0.009288
0.000103068,-2.13438e-06,-0.00201471,0.009458
6.48002e-05,-2.64233e-06,-0.00201091,0.003805
6.48002e-05,-2.64233e-06,-0.00201091,0.004184
4.05605e-05,-2.69914e-06,-0.00200852,0.004883
4.05605e-05,-2.69914e-06,-0.00200852,0.003874
4.05605e-05,-2.69914e-06,-0.00200852,0.010209
2.53208e-05,-2.43043e-06,-0.00200703,0.005456
2.53208e-05,-2.43043e-06,-0.00200703,0.006712
7.70705e-06,-1.92907e-06,-0.00200624,0.003818
7.70705e-06,-1.92907e-06,-0.00200624,0.006832
-2.8449e-06,-8.83684e-07,-0.00200612,0.007875
-2.8449e-06,-8.83684e-07,-0.00200612,0.005226
-2.8449e-06,-8.83684e-07,-0.00200612,0.003726
6.55105e-06,3.82418e-07,-0.0020061,0.012063
6.55105e-06,3.82418e-07,-0.0020061,0.0075
6.55105e-06,3.82418e-07,-0.0020061,0.0047
2.51909e-06,1.77613e-06,-0.00200578,0.00814
2.51909e-06,1.77613e-06,-0.00200578,0.008395
1.93803e-06,2.74779e-06,0.00200568,0.009035
1.93803e-06,2.74779e-06,0.00200568,0.005557
1.93803e-06,2.74779e-06,0.00200568,0.00407
1.34546e-06,3.57965e-06,0.00200561,0.009845
1.34546e-06,3.57965e-06,0.00200561,0.006425
5.75516e-07,3.87141e-06,0.00200557,0.005241
5.75516e-07,3.87141e-06,0.00200557,0.004413
9.55142e-08,3.77048e-06,0.00200555,0.0037
9.55142e-08,3.77048e-06,0.00200555,0.006333
7.76996e-08,3.11687e-06,0.00200555,0.008202
7.76996e-08,3.11687e-06,0.00200555,0.003746
1.87398e-07,2.45647e-06,0.00200555,0.006017
1.83719e-07,2.07935e-06,0.00200554,0.006468
1.7074e-07,1.67772e-06,0.00200554,0.00777
1.7074e-07,1.67772e-06,0.00200554,0.006301
1.25323e-07,8.16511e-07,0.00200553,0.003942
1.25323e-07,8.16511e-07,0.00200553,0.003903
1.25323e-07,8.16511e-07,0.00200553,0.011169
8.51532e-08,-1.02059e-07,0.00200553,0.006191
8.51532e-08,-1.02059e-07,0.00200553,0.004335
3.4391e-08,-1.06024e-06,0.00200552,0.004553
9.76743e-09,-1.55008e-06,0.00200552,0.00877
4.03851e-09,-2.04547e-06,0.00200552,0.00506
4.03851e-09,-2.04547e-06,0.00200552,0.003687
1.95784e-08,-3.5547e-06,0.00200552,0.004716
1.95784e-08,-3.5547e-06,0.00200552,0.011075
1.95784e-08,-3.5547e-06,0.00200552,0.008286
1.47709e-08,-4.57326e-06,-0.00200552,0.010526
1.47709e-08,-4.57326e-06,-0.00200552,0.004392
7.712e-09,-5.59709e-06,-0.00200552,0.007931
7.712e-09,-5.59709e-06,-0.00200552,0.009214
2.5072e-09,-6.16459e-06,-0.00200553,0.004153
2.5072e-09,-6.16459e-06,-0.00200553,0.011415
7.65779e-10,-6.17407e-06,-0.00200554,0.008738
7.65779e-10,-6.17407e-06,-0.00200554,0.007505
7.65779e-10,-6.17407e-06,-0.00200554,0.008556
2.55143e-09,-5.52858e-06,-0.00200555,0.00387
2.20987e-09,-5.2166e-06,-0.00200555,0.010698
2.20987e-09,-5.2166e-06,-0.00200555,0.004609
2.20987e-09,-5.2166e-06,-0.00200555,0.00378
1.4146e-09,-4.49115e-06,-0.00200556,0.00472
1.4146e-09,-4.49115e-06,-0.00200556,0.008599
4.71612e-10,-3.66427e-06,-0.00200556,0.005547
4.71612e-10,-3.66427e-06,-0.00200556,0.010957
-3.30704e-11,-2.76658e-06,-0.00200556,0.005277
-3.30704e-11,-2.76658e-06,-0.00200556,0.008597
-2.224e-11,-1.82e-06,-0.00200557,0.004522
-2.224e-11,-1.82e-06,-0.00200557,0.005624
3.10704e-10,-3.41139e-07,-0.00200557,0.006621
3.10704e-10,-3.41139e-07,-0.00200557,0.006574
3.10704e-10,-3.41139e-07,-0.00200557,0.004258
1.22538e-10,1.17909e-06,-0.00200556,0.004371
1.11889e-10,1.69129e-06,-0.00200556,0.005331
1.11889e-10,1.69129e-06,-0.00200556,0.006177
1.11889e-10,1.69129e-06,-0.00200556,0.009464
7.99769e-11,2.72011e-06,-0.00200555,0.007111
7.99769e-11,2.72011e-06,-0.00200555,0.008153
3.70814e-11,3.75295e-06,-0.00200554,0.003706
3.70814e-11,3.75295e-06,-0.00200554,0.006151
8.72369e-12,4.78779e-06,-0.00200553,0.00974
8.72369e-12,4.78779e-06,-0.00200553,0.00495
4.75353e-12,6.34038e-06,-0.00200552,0.00719
4.75353e-12,6.34038e-06,-0.00200552,0.004506
4.75353e-12,6.34038e-06,-0.00200552,0.004632
1.38982e-11,7.89006e-06,0.00200552,0.00582
1.0756e-10,8.40565e-06,0.00200552,0.004515
1.0756e-10,8.40565e-06,0.00200552,0.004621
1.30044e-10,8.97557e-06,0.00200553,0.011089
1.30044e-10,8.97557e-06,0.00200553,0.006919
1.30044e-10,8.97557e-06,0.00200553,0.005761
4.52296e-11,9.07063e-06,0.00200554,0.007839
4.52296e-11,9.07063e-06,0.00200554,0.007207
-6.38742e-11,8.8229e-06,0.00200555,0.007727
-6.38742e-11,8.8229e-06,0.00200555,0.010274
-1.15191e-10,8.33016e-06,0.00200556,0.003739
-1.15191e-10,8.33016e-06,0.00200556,0.003805
-5.94742e-11,7.2823e-06,0.00200559,0.008992
-5.94742e-11,7.2823e-06,0.00200559,0.009355
-5.94742e-11,7.2823e-06,0.00200559,0.003778
-1.53584e-11,6.00187e-06,0.00200562,0.003874
-1.46567e-11,5.54156e-06,0.00200563,0.009679
-1.46567e-11,5.54156e-06,0.00200563,0.005566
-1.07647e-11,4.58699e-06,0.00200564,0.006739
-1.07647e-11,4.58699e-06,0.00200564,0.00499
-1.07647e-11,4.58699e-06,0.00200564,0.005586
-6.79101e-12,3.59918e-06,0.00200565,0.011741
-6.79101e-12,3.59918e-06,0.00200565,0.010255
-1.48326e-12,2.5888e-06,0.00200566,0.003877
-1.48326e-12,2.5888e-06,0.00200566,0.003893
1.61826e-12,1.56338e-06,0.00200567,0.009965
1.61826e-12,1.56338e-06,0.00200567,0.00804
1.61826e-12,1.56338e-06,0.00200567,0.010374
1.05693e-12,8.69903e-09,0.00200566,0.00391
1.05693e-12,8.69903e-09,0.00200566,0.005493
-7.37188e-13,-1.556e-06,0.00200565,0.007576
-7.40741e-13,-2.0784e-06,0.00200564,0.003593
-7.40741e-13,-2.0784e-06,0.00200564,0.003934
-3.57048e-13,-3.1226e-06,0.00200563,0.005057
-3.57048e-13,-3.1226e-06,0.00200563,0.005428
-3.57048e-13,-3.1226e-06,0.00200563,0.010813
-1.5099e-13,-4.16554e-06,0.00200561,0.011267
-1.5099e-13,-4.16554e-06,0.00200561,0.010594
1.86517e-13,-5.20683e-06,0.00200559,0.003879
1.86517e-13,-5.20683e-06,0.00200559,0.006583
1.9007e-13,-6.24615e-06,0.00200557,0.007934
1.9007e-13,-6.24615e-06,0.00200557,0.006946
-1.04805e-13,-7.28308e-06,0.00200555,0.008705
-1.04805e-13,-7.28308e-06,0.00200555,0.005352
-4.74287e-13,-8.83328e-06,0.00200552,0.004811
-4.74287e-13,-8.83328e-06,0.00200552,0.003682
-4.74287e-13,-8.83328e-06,0.00200552,0.008224
-5.15143e-13,-1.03764e-05,-0.00200552,0.004086
9.62199e-11,-1.08892e-05,-0.00200552,0.008917
9.62199e-11,-1.08892e-05,-0.00200552,0.00516
1.2327e-10,-1.14528e-05,-0.00200553,0.003697
1.2327e-10,-1.14528e-05,-0.00200553,0.006764
1.2327e-10,-1.14528e-05,-0.00200553,0.008111
4.15401e-11,-1.15405e-05,-0.00200554,0.00763
4.15401e-11,-1.15405e-05,-0.00200554,0.00455
-6.41744e-11,-1.12836e-05,-0.00200557,0.004168
-6.41744e-11,-1.12836e-05,-0.00200557,0.00918
-1.12394e-10,-1.04536e-05,-0.00200561,0.009327
-1.12394e-10,-1.04536e-05,-0.00200561,0.004165
-3.13651e-11,-9.68173e-06,-0.00200564,0.005651
1.11982e-11,-9.23385e-06,-0.00200566,0.005805
8.52403e-11,-8.72696e-06,-0.00200567,0.006603
8.52403e-11,-8.72696e-06,-0.00200567,0.008073
1.5303e-10,-7.46122e-06,-0.0020057,0.004484
1.5303e-10,-7.46122e-06,-0.0020057,0.007413
1.5303e-10,-7.46122e-06,-0.0020057,0.005275
4.46859e-10,-5.82424e-06,-0.00200571,0.004149
4.46859e-10,-5.82424e-06,-0.00200571,0.009266
1.58835e-09,-3.70673e-06,-0.00200571,0.006904
1.58835e-09,-3.70673e-06,-0.00200571,0.004738
5.25563e-06,1.92867e-05,0.00200551,0.00634
5.25563e-06,1.92867e-05,0.00200551,0.00623
5.25563e-06,1.92867e-05,0.00200551,0.009177
2.44315e-05,0.000226012,0.00204594,0.004485
3.0581e-05,0.000352378,0.00210348,0.004412
3.0581e-05,0.000352378,0.00210348,0.006013
4.39219e-05,0.00073684,0.00241309,0.009577
4.39219e-05,0.00073684,0.00241309,0.006743
4.39219e-05,0.00073684,0.00241309,0.005135
4.29786e-05,0.00130394,0.00312329,0.004129
4.29786e-05,0.00130394,0.00312329,0.004318
2.34659e-05,0.00203936,0.00428993,0.008836
2.34659e-05,0.00203936,0.00428993,0.008471
3.19284e-05,0.00292243,0.00590571,0.008683
3.19284e-05,0.00292243,0.00590571,0.005343
6.7147e-05,0.003992,0.00808157,0.005897
6.7147e-05,0.003992,0.00808157,0.009692
8.10263e-05,0.00597544,0.0125285,0.012111
8.10263e-05,0.00597544,0.0125285,0.006654
8.10263e-05,0.00597544,0.0125285,0.005294
0.000180233,0.00847647,0.018675,0.009486
0.000233391,0.00943758,0.0211592,0.010647
0.000233391,0.00943758,0.0211592,0.005727
0.000145779,0.011597,0.0269665,0.004924
0.000145779,0.011597,0.0269665,0.009376
0.000145779,0.011597,0.0269665,0.010829
0.000149515,0.0141091,0.0338143,0.010388
0.000149515,0.0141091,0.0338143,0.005266
0.000290959,0.0167232,0.041792,0.005
0.000290959,0.0167232,0.041792,0.013177
0.00056731,0.019896,0.051247,0.009992
0.00056731,0.019896,0.051247,0.012209
0.000582951,0.0245553,0.0688723,0.008774
0.000582951,0.0245553,0.0688723,0.005475
0.000582951,0.0245553,0.0688723,0.007846
0.000868987,0.015582,0.0864069,0.005866
0.00181131,0.0110841,0.0907854,0.0049
0.00181131,0.0110841,0.0907854,0.00978
0.00187803,0.00364812,0.0980135,0.006028
0.00187803,0.00364812,0.0980135,0.008752
0.00187803,0.00364812,0.0980135,0.004875
0.00127335,-0.00311098,0.10304,0.005133
0.00127335,-0.00311098,0.10304,0.007595
0.0003361,-0.00897063,0.105738,0.010316
0.0003361,-0.00897063,0.105738,0.004584
9.02786e-05,-0.014136,0.10636,0.008104
9.02786e-05,-0.014136,0.10636,0.005185
0.000499548,-0.018635,0.10521,0.005024
0.000499548,-0.018635,0.10521,0.005822
0.00107734,-0.0242727,0.100722,0.006578
0.00107734,-0.0242727,0.100722,0.005732
0.00107734,-0.0242727,0.100722,0.00783
0.0010734,-0.028538,0.0936964,0.00651
0.00115184,-0.0295743,0.0908661,0.014808
0.00115184,-0.0295743,0.0908661,0.005747
0.000805567,-0.031367,0.084806,0.009239
0.000805567,-0.031367,0.084806,0.007759
0.000805567,-0.031367,0.084806,0.011906
0.000571352,-0.0326655,0.0781897,0.009591
0.000571352,-0.0326655,0.0781897,0.004933
0.000110936,-0.0335347,0.0711255,0.005045
0.000110936,-0.0335347,0.0711255,0.008754
-5.73328e-05,-0.0342066,0.0637247,0.00834
-5.73328e-05,-0.0342066,0.0637247,0.005647
-5.73328e-05,-0.0342066,0.0637247,0.011169
0.000219647,-0.0343086,0.0523134,0.005172
0.000219647,-0.0343086,0.0523134,0.00708
0.000342799,-0.0339849,0.0409557,0.008838
0.000361161,-0.0336644,0.0371816,0.011142
0.000361161,-0.0336644,0.0371816,0.008691
0.000187466,-0.0330282,0.0298625,0.01298
0.000187466,-0.0330282,0.0298625,0.005956
0.000187466,-0.0330282,0.0298625,0.01175
6.68958e-05,-0.0322296,0.0227835,0.009128
6.68958e-05,-0.0322296,0.0227835,0.010038
-7.42557e-05,-0.0313044,0.0159896,0.005105
-7.42557e-05,-0.0313044,0.0159896,0.006966
-0.000117706,-0.0302835,0.00953218,0.010125
-0.000117706,-0.0302835,0.00953218,0.009784
-4.13729e-05,-0.0285438,0.00141939,0.012025
-4.13729e-05,-0.0285438,0.00141939,0.006719
-4.13729e-05,-0.0285438,0.00141939,0.005576
-0.000144537,-0.0268816,-0.00780479,0.008786
-0.000111173,-0.0262142,-0.0100683,0.005504
-0.000111173,-0.0262142,-0.0100683,0.004855
-0.000111173,-0.0262142,-0.0100683,0.013808
-0.000104325,-0.0250375,-0.0147481,0.008933
-0.000104325,-0.0250375,-0.0147481,0.01134
-6.7522e-05,-0.0238701,-0.0190207,0.006871
-6.7522e-05,-0.0238701,-0.0190207,0.005022
-8.93727e-05,-0.0227178,-0.0228793,0.010748
-8.93727e-05,-0.0227178,-0.0228793,0.01007
-0.000141558,-0.021442,-0.0262467,0.007729
-0.000141558,-0.021442,-0.0262467,0.005398
-0.000199563,-0.0199242,-0.0305901,0.005399
-0.000199563,-0.0199242,-0.0305901,0.010582
-0.000199563,-0.0199242,-0.0305901,0.006852
-0.000159485,-0.0183808,-0.0340717,0.004798
-0.000202822,-0.0178456,-0.0350709,0.009196
-0.000202822,-0.0178456,-0.0350709,0.012325
-0.000202822,-0.0178456,-0.0350709,0.005045
-0.000188643,-0.0169895,-0.0368264,0.013573
-0.000188643,-0.0169895,-0.0368264,0.00726
-9.91464e-05,-0.0161951,-0.0382959,0.011069
-9.91464e-05,-0.0161951,-0.0382959,0.008794
-5.04586e-05,-0.0154771,-0.0394945,0.008423
-5.04586e-05,-0.0154771,-0.0394945,0.009236
-7.74293e-05,-0.0144309,-0.0407082,0.005095
-7.74293e-05,-0.0144309,-0.0407082,0.00491
-7.74293e-05,-0.0144309,-0.0407082,0.006055
-0.000186959,-0.0135475,-0.041434,0.008267
-0.000200557,-0.0132321,-0.0416059,0.008134
-0.000200557,-0.0132321,-0.0416059,0.011126
-0.000159193,-0.0128065,-0.0417654,0.006633
-0.000159193,-0.0128065,-0.0417654,0.014223
-0.000159193,-0.0128065,-0.0417654,0.005308
-0.000106553,-0.0124539,-0.0418013,0.00514
-0.000106553,-0.0124539,-0.0418013,0.011343
-1.78233e-05,-0.0121632,-0.0417256,0.008925
-1.78233e-05,-0.0121632,-0.0417256,0.005014
1.57838e-05,-0.0117646,-0.0415076,0.005751
1.57838e-05,-0.0117646,-0.0415076,0.004781
-3.49687e-05,-0.0115695,-0.0411394,0.01237
-3.49687e-05,-0.0115695,-0.0411394,0.007032
-0.000106969,-0.0112762,-0.0405315,0.010353
-0.000106969,-0.0112762,-0.0405315,0.011855
-0.000106969,-0.0112762,-0.0405315,0.011312
-6.34847e-05,-0.0112498,-0.0398087,0.005342
-4.31938e-05,-0.0111512,-0.0394826,0.00622
-4.31938e-05,-0.0111512,-0.0394826,0.010816
-3.58752e-05,-0.0111137,-0.0389463,0.008104
-3.58752e-05,-0.0111137,-0.0389463,0.006773
-3.58752e-05,-0.0111137,-0.0389463,0.004885
-2.08362e-05,-0.0109816,-0.0384117,0.011383
-2.08362e-05,-0.0109816,-0.0384117,0.008108
-1.37357e-05,-0.0110148,-0.0377792,0.006175
-1.37357e-05,-0.0110148,-0.0377792,0.004773
-1.99791e-05,-0.0110599,-0.0371727,0.005163
-1.99791e-05,-0.0110599,-0.0371727,0.005066
-1.59375e-05,-0.0111363,-0.0366018,0.009743
-1.59375e-05,-0.0111363,-0.0366018,0.004737
1.27554e-05,-0.0111995,-0.0357628,0.010562
1.27554e-05,-0.0111995,-0.0357628,0.006097
1.27554e-05,-0.0111995,-0.0357628,0.008592
-1.74626e-05,-0.0112752,-0.0349879,0.005027
-1.45693e-05,-0.0114157,-0.0347662,0.005388
-1.45693e-05,-0.0114157,-0.0347662,0.012592
1.95772e-05,-0.0113845,-0.0343044,0.004827
1.95772e-05,-0.0113845,-0.0343044,0.006574
1.95772e-05,-0.0113845,-0.0343044,0.009134
-1.51515e-05,-0.011491,-0.0338126,0.004788
-1.51515e-05,-0.011491,-0.0338126,0.012084
-2.49704e-05,-0.0116137,-0.033381,0.008645
-2.49704e-05,-0.0116137,-0.033381,0.006596
1.91784e-07,-0.0117614,-0.0330142,0.014435
1.91784e-07,-0.0117614,-0.0330142,0.004867
3.58995e-05,-0.0118842,-0.0327111,0.004837
3.58995e-05,-0.0118842,-0.0327111,0.004922
4.03709e-05,-0.0119851,-0.0322058,0.009596
4.03709e-05,-0.0119851,-0.0322058,0.007883
4.03709e-05,-0.0119851,-0.0322058,0.006914
1.69235e-07,-0.0120873,-0.0317988,0.004895
-1.3146e-06,-0.0120667,-0.0317469,0.010823
-1.3146e-06,-0.0120667,-0.0317469,0.006711
-1.3146e-06,-0.0120667,-0.0317469,0.006753
-1.20133e-05,-0.0121762,-0.031495,0.010525
-1.20133e-05,-0.0121762,-0.031495,0.011344
-7.57634e-06,-0.0122781,-0.0313016,0.007861
-7.57634e-06,-0.0122781,-0.0313016,0.004975
1.36061e-05,-0.0123813,-0.0311617,0.005376
1.36061e-05,-0.0123813,-0.0311617,0.010165
3.9095e-05,-0.01246,-0.0309774,0.004753
3.9095e-05,-0.01246,-0.0309774,0.004678
3.9095e-05,-0.01246,-0.0309774,0.00695
4.1216e-06,-0.012504,-0.0308724,0.009792
7.92427e-07,-0.0126198,-0.0308533,0.005043
7.92427e-07,-0.0126198,-0.0308533,0.01378
2.48447e-05,-0.0125618,-0.0308387,0.00834
2.48447e-05,-0.0125618,-0.0308387,0.009907
2.48447e-05,-0.0125618,-0.0308387,0.007276
-5.7433e-06,-0.0126278,-0.0307512,0.004714
-5.7433e-06,-0.0126278,-0.0307512,0.010293
-2.21323e-05,-0.0126996,-0.0307076,0.010612
-2.21323e-05,-0.0126996,-0.0307076,0.007299
-4.43866e-06,-0.0127581,-0.0307089,0.008922
-4.43866e-06,-0.0127581,-0.0307089,0.008894
3.21929e-05,-0.0127813,-0.0307172,0.012076
3.21929e-05,-0.0127813,-0.0307172,0.006289
3.21929e-05,-0.0127813,-0.0307172,0.004936
1.10515e-05,-0.0127671,-0.0307852,0.008186
-1.03967e-06,-0.0128679,-0.0307911,0.011127
-1.03967e-06,-0.0128679,-0.0307911,0.00626
1.92525e-05,-0.0129206,-0.0308763,0.005634
1.92525e-05,-0.0129206,-0.0308763,0.005119
1.92525e-05,-0.0129206,-0.0308763,0.009178
2.01688e-05,-0.012796,-0.0308639,0.010557
2.01688e-05,-0.012796,-0.0308639,0.008284
-1.172e-05,-0.0128387,-0.0308624,0.012407
-1.172e-05,-0.0128387,-0.0308624,0.008764
-3.48539e-05,-0.0128645,-0.0308994,0.005515
-3.48539e-05,-0.0128645,-0.0308994,0.011414
-2.05102e-05,-0.0128926,-0.0309645,0.010305
-2.05102e-05,-0.0128926,-0.0309645,0.005272
3.01787e-05,-0.0128588,-0.0310066,0.005105
3.01787e-05,-0.0128588,-0.0310066,0.008222
3.01787e-05,-0.0128588,-0.0310066,0.009931
-8.31209e-06,-0.0128362,-0.0310804,0.008354
-9.06099e-06,-0.0129245,-0.0311591,0.009315
-9.06099e-06,-0.0129245,-0.0311591,0.010345
-9.06099e-06,-0.0129245,-0.0311591,0.007249
1.63399e-05,-0.0127857,-0.0311843,0.005164
1.63399e-05,-0.0127857,-0.0311843,0.011458
5.57997e-06,-0.0128052,-0.0311778,0.00573
5.57997e-06,-0.0128052,-0.0311778,0.00768
-1.71256e-05,-0.0128302,-0.031202,0.005742
-1.71256e-05,-0.0128302,-0.031202,0.007373
-5.55443e-06,-0.0127996,-0.0312729,0.010011
-5.55443e-06,-0.0127996,-0.0312729,0.004639
-3.81615e-06,-0.0128275,-0.0312961,0.004846
2.28261e-06,-0.0127643,-0.0313723,0.009693
-3.09026e-06,-0.012854,-0.0313457,0.007492
-3.09026e-06,-0.012854,-0.0313457,0.013278
1.55007e-05,-0.0128681,-0.0314167,0.009285
1.55007e-05,-0.0128681,-0.0314167,0.005114
1.55007e-05,-0.0128681,-0.0314167,0.007818
1.59068e-05,-0.0127465,-0.0314479,0.009922
1.59068e-05,-0.0127465,-0.0314479,0.005285
-8.1971e-06,-0.0127625,-0.0314243,0.008745
-8.1971e-06,-0.0127625,-0.0314243,0.007493
-3.0555e-05,-0.01278,-0.0314268,0.007993
-3.0555e-05,-0.01278,-0.0314268,0.005948
-1.93525e-05,-0.0128123,-0.0314586,0.004884
-1.93525e-05,-0.0128123,-0.0314586,0.011595
2.72456e-05,-0.0127701,-0.0314788,0.005652
2.72456e-05,-0.0127701,-0.0314788,0.010484
2.72456e-05,-0.0127701,-0.0314788,0.005354
-1.44748e-05,-0.0127328,-0.0315188,0.005468
-1.241e-05,-0.0128229,-0.0315484,0.012282
-1.241e-05,-0.0128229,-0.0315484,0.00678
1.58221e-05,-0.0126907,-0.0315866,0.00806
1.58221e-05,-0.0126907,-0.0315866,0.004963
1.58221e-05,-0.0126907,-0.0315866,0.006497
-1.85903e-05,-0.0127368,-0.0315502,0.011029
-1.85903e-05,-0.0127368,-0.0315502,0.005566
-2.54643e-05,-0.0127287,-0.0315415,0.006133
-2.54643e-05,-0.0127287,-0.0315415,0.008856
-8.7431e-06,-0.0127858,-0.0315534,0.006963
-8.7431e-06,-0.0127858,-0.0315534,0.011447
2.29821e-05,-0.0128102,-0.0316024,0.006678
2.29821e-05,-0.0128102,-0.0316024,0.004997
2.29821e-05,-0.0128102,-0.0316024,0.007359
2.66445e-05,-0.0127626,-0.031568,0.006393
2.66445e-05,-0.0127626,-0.031568,0.005245
-6.76299e-06,-0.0127357,-0.0315654,0.011115
-1.29183e-05,-0.0126739,-0.0316469,0.004971
-1.29183e-05,-0.0126739,-0.0316469,0.008196
-2.34518e-05,-0.0126924,-0.0315987,0.005527
-2.34518e-05,-0.0126924,-0.0315987,0.008552
-2.34518e-05,-0.0126924,-0.0315987,0.012214
-1.08912e-05,-0.012706,-0.0315735,0.00633
-1.08912e-05,-0.012706,-0.0315735,0.005142
8.59842e-06,-0.012754,-0.0315781,0.010798
8.59842e-06,-0.012754,-0.0315781,0.010127
2.94473e-05,-0.0127187,-0.0315834,0.005962
2.94473e-05,-0.0127187,-0.0315834,0.012332
2.94473e-05,-0.0127187,-0.0315834,0.005154
-1.3545e-05,-0.0126905,-0.0316149,0.011676
-1.46e-05,-0.0127827,-0.0316095,0.007525
-1.46e-05,-0.0127827,-0.0316095,0.008515
1.25135e-05,-0.0128104,-0.0316623,0.010959
1.25135e-05,-0.0128104,-0.0316623,0.005322
1.25135e-05,-0.0128104,-0.0316623,0.004822
1.6031e-05,-0.0126778,-0.0316115,0.00497
1.6031e-05,-0.0126778,-0.0316115,0.006396
-1.12894e-05,-0.0127067,-0.0315681,0.012384
-1.12894e-05,-0.0127067,-0.0315681,0.005859
-3.31576e-05,-0.0127331,-0.0315598,0.005334
-3.31576e-05,-0.0127331,-0.0315598,0.00824
-5.57586e-06,-0.0127098,-0.0315615,0.00948
-5.57586e-06,-0.0127098,-0.0315615,0.0052
-5.57586e-06,-0.0127098,-0.0315615,0.007151
3.01037e-06,-0.0126546,-0.0315949,0.0088
-5.4401e-06,-0.0127457,-0.0315701,0.007141
-5.4401e-06,-0.0127457,-0.0315701,0.011213
2.03179e-05,-0.0127854,-0.0316113,0.005214
2.03179e-05,-0.0127854,-0.0316113,0.006658
2.03179e-05,-0.0127854,-0.0316113,0.00548
2.03294e-05,-0.0126662,-0.0315771,0.007198
2.03294e-05,-0.0126662,-0.0315771,0.009287
-9.94813e-06,-0.0127056,-0.031532,0.006559
-9.94813e-06,-0.0127056,-0.031532,0.008495
-3.37894e-05,-0.0126998,-0.0315161,0.009653
-3.37894e-05,-0.0126998,-0.0315161,0.010016
-1.3654e-05,-0.0127086,-0.0315191,0.007046
-1.3654e-05,-0.0127086,-0.0315191,0.006332
-1.3654e-05,-0.0127086,-0.0315191,0.006492
1.51248e-05,-0.0126396,-0.0315534,0.009772
5.51769e-06,-0.0127523,-0.0315145,0.008432
5.51769e-06,-0.0127523,-0.0315145,0.006016
5.51769e-06,-0.0127523,-0.0315145,0.008335
2.5457e-05,-0.0127914,-0.0315565,0.00983
2.5457e-05,-0.0127914,-0.0315565,0.010629
2.45113e-05,-0.012662,-0.0315438,0.005173
2.45113e-05,-0.012662,-0.0315438,0.01028
-3.31177e-05,-0.0127809,-0.0315328,0.014093
-3.31177e-05,-0.0127809,-0.0315328,0.005406
-3.31177e-05,-0.0127809,-0.0315328,0.01754
7.19601e-06,-0.0126551,-0.031529,0.006266
1.19672e-05,-0.0126916,-0.0314784,0.007008
1.19672e-05,-0.0126916,-0.0314784,0.011333
-5.93561e-06,-0.0127206,-0.0314618,0.005042
-5.93561e-06,-0.0127206,-0.0314618,0.008773
-5.93561e-06,-0.0127206,-0.0314618,0.008403
-6.72783e-07,-0.0127418,-0.0314699,0.007351
-6.72783e-07,-0.0127418,-0.0314699,0.01163
7.64434e-06,-0.012788,-0.0315063,0.005594
7.64434e-06,-0.012788,-0.0315063,0.01014
1.83824e-05,-0.0126554,-0.0315196,0.008879
1.83824e-05,-0.0126554,-0.0315196,0.01532
-2.03755e-06,-0.0126838,-0.0314643,0.005901
-2.03755e-06,-0.0126838,-0.0314643,0.01178
-2.77792e-05,-0.0126564,-0.0315124,0.008149
-2.77792e-05,-0.0126564,-0.0315124,0.013716
-2.77792e-05,-0.0126564,-0.0315124,0.007764
-7.34986e-08,-0.0127972,-0.0314951,0.004838
1.97191e-05,-0.0127357,-0.0314578,0.004807
1.97191e-05,-0.0127357,-0.0314578,0.005297
1.27048e-05,-0.0126725,-0.0315313,0.007263
1.27048e-05,-0.0126725,-0.0315313,0.01084
1.27048e-05,-0.0126725,-0.0315313,0.007738
-1.56721e-05,-0.0127963,-0.0315058,0.0091
-1.56721e-05,-0.0127963,-0.0315058,0.006795
1.08585e-05,-0.0127709,-0.0314784,0.004973
9.84052e-06,-0.0127155,-0.0314996,0.012383
9.84052e-06,-0.0127155,-0.0314996,0.009578
-8.77574e-06,-0.0127517,-0.031482,0.006084
-8.77574e-06,-0.0127517,-0.031482,0.00651
-8.77574e-06,-0.0127517,-0.031482,0.005103
-1.46466e-06,-0.0127748,-0.0314938,0.005827
-1.46466e-06,-0.0127748,-0.0314938,0.008507
6.81211e-06,-0.012798,-0.0315292,0.011457
6.81211e-06,-0.012798,-0.0315292,0.010653
1.48715e-05,-0.0126756,-0.0315819,0.005314
1.48715e-05,-0.0126756,-0.0315819,0.005587
-1.63486e-05,-0.0127949,-0.0315352,0.010286
-1.63486e-05,-0.0127949,-0.0315352,0.008615
-1.63486e-05,-0.0127949,-0.0315352,0.009853
2.16406e-05,-0.0127687,-0.0315127,0.005961
1.15526e-05,-0.0126958,-0.0315431,0.010573
1.15526e-05,-0.0126958,-0.0315431,0.010403
-1.81687e-05,-0.0127135,-0.0315122,0.006245
-1.81687e-05,-0.0127135,-0.0315122,0.006065
-1.81687e-05,-0.0127135,-0.0315122,0.009797
-2.545e-06,-0.0127739,-0.0315191,0.00746
-2.545e-06,-0.0127739,-0.0315191,0.00672
1.52556e-05,-0.0127802,-0.0315528,0.008364
1.52556e-05,-0.0127802,-0.0315528,0.005701
1.97878e-05,-0.0128102,-0.0316033,0.010947
1.97878e-05,-0.0128102,-0.0316033,0.010136
1.74048e-05,-0.0126795,-0.031559,0.005689
1.74048e-05,-0.0126795,-0.031559,0.007274
-3.21097e-05,-0.0128146,-0.0315878,0.004918
-3.21097e-05,-0.0128146,-0.0315878,0.009205
-3.21097e-05,-0.0128146,-0.0315878,0.008191
3.50202e-05,-0.0127568,-0.0315297,0.004812
1.41912e-05,-0.0126943,-0.0315067,0.005026
1.41912e-05,-0.0126943,-0.0315067,0.00934
-1.74247e-05,-0.0127285,-0.0314923,0.00811
-1.74247e-05,-0.0127285,-0.0314923,0.007369
-1.74247e-05,-0.0127285,-0.0314923,0.004783
-7.61225e-06,-0.0127571,-0.0315095,0.008033
-7.61225e-06,-0.0127571,-0.0315095,0.009732
6.97565e-06,-0.012783,-0.0315528,0.004996
6.97565e-06,-0.012783,-0.0315528,0.006772
1.86368e-05,-0.0126491,-0.0315224,0.006092
1.86368e-05,-0.0126491,-0.0315224,0.007916
-2.1675e-05,-0.0127739,-0.0315225,0.011285
-2.1675e-05,-0.0127739,-0.0315225,0.004859
-2.1675e-05,-0.0127739,-0.0315225,0.005367
3.14962e-05,-0.0127522,-0.0314625,0.009129
1.79453e-05,-0.0126938,-0.0314526,0.005009
1.79453e-05,-0.0126938,-0.0314526,0.004852
-1.56246e-05,-0.0126973,-0.0314315,0.005799
-1.56246e-05,-0.0126973,-0.0314315,0.007358
-1.56246e-05,-0.0126973,-0.0314315,0.009832
-1.31001e-05,-0.0127401,-0.0314361,0.005737
-1.31001e-05,-0.0127401,-0.0314361,0.007622
7.18667e-06,-0.0127886,-0.0314786,0.009384
7.18667e-06,-0.0127886,-0.0314786,0.005669
2.62204e-05,-0.012653,-0.0314738,0.010972
2.62204e-05,-0.012653,-0.0314738,0.00544
-1.92337e-05,-0.0127735,-0.0314534,0.014713
-1.92337e-05,-0.0127735,-0.0314534,0.00792
-1.92337e-05,-0.0127735,-0.0314534,0.004836
3.49785e-05,-0.0127599,-0.0314065,0.005175
1.66375e-05,-0.0126903,-0.0314076,0.006508
1.66375e-05,-0.0126903,-0.0314076,0.007031
-1.92908e-05,-0.0127063,-0.0313825,0.013597
-1.92908e-05,-0.0127063,-0.0313825,0.006202
-1.92908e-05,-0.0127063,-0.0313825,0.011632
-6.94193e-06,-0.0127556,-0.0313906,0.008203
-6.94193e-06,-0.0127556,-0.0313906,0.004906
1.15164e-05,-0.0127943,-0.031432,0.004938
1.15164e-05,-0.0127943,-0.031432,0.009147
2.38367e-05,-0.0126509,-0.0314507,0.005248
2.38367e-05,-0.0126509,-0.0314507,0.012258
-2.3049e-05,-0.0128004,-0.0314202,0.005815
-2.3049e-05,-0.0128004,-0.0314202,0.010976
-2.3049e-05,-0.0128004,-0.0314202,0.007021
3.7173e-05,-0.0127442,-0.0313824,0.004834
1.68012e-05,-0.012692,-0.0313934,0.008619
1.68012e-05,-0.012692,-0.0313934,0.010532
-1.23307e-05,-0.0127319,-0.0313721,0.005824
-1.23307e-05,-0.0127319,-0.0313721,0.012267
-1.23307e-05,-0.0127319,-0.0313721,0.006746
-9.01024e-06,-0.0127539,-0.0313806,0.004818
-9.01024e-06,-0.0127539,-0.0313806,0.01182
1.54015e-06,-0.0127822,-0.0314139,0.012029
1.54015e-06,-0.0127822,-0.0314139,0.00775
1.60561e-05,-0.012671,-0.0314587,0.005457
1.60561e-05,-0.012671,-0.0314587,0.009197
3.13031e-06,-0.0126997,-0.0314083,0.01324
3.13031e-06,-0.0126997,-0.0314083,0.010462
-2.406e-05,-0.0126678,-0.0314745,0.006624
-2.406e-05,-0.0126678,-0.0314745,0.007216
-2.406e-05,-0.0126678,-0.0314745,0.00552
9.6579e-09,-0.0127983,-0.0314394,0.009264
1.89248e-05,-0.0127379,-0.0314168,0.00522
1.89248e-05,-0.0127379,-0.0314168,0.004822
1.89248e-05,-0.0127379,-0.0314168,0.007516
6.60666e-06,-0.0127731,-0.0314247,0.011463
6.60666e-06,-0.0127731,-0.0314247,0.011243
9.8379e-07,-0.0128112,-0.0314614,0.006172
9.8379e-07,-0.0128112,-0.0314614,0.004821
9.49315e-06,-0.012844,-0.031524,0.008563
9.49315e-06,-0.012844,-0.031524,0.007492
1.65091e-05,-0.0127118,-0.0314803,0.006695
1.65091e-05,-0.0127118,-0.0314803,0.004802
-7.71973e-06,-0.0127351,-0.0314489,0.00771
-7.71973e-06,-0.0127351,-0.0314489,0.007171
-3.41135e-05,-0.0126965,-0.0314892,0.004806
-3.41135e-05,-0.0126965,-0.0314892,0.005216
-3.41135e-05,-0.0126965,-0.0314892,0.008018
-7.16382e-07,-0.0128257,-0.0315415,0.010928
1.92478e-05,-0.0127616,-0.0314733,0.010657
1.92478e-05,-0.0127616,-0.0314733,0.006974
5.69653e-06,-0.0127865,-0.0314993,0.005898
5.69653e-06,-0.0127865,-0.0314993,0.009688
5.69653e-06,-0.0127865,-0.0314993,0.010385
1.00279e-05,-0.0128208,-0.031551,0.010761
1.00279e-05,-0.0128208,-0.031551,0.005785
1.34772e-05,-0.012693,-0.0315253,0.013669
1.34772e-05,-0.012693,-0.0315253,0.01074
-9.16967e-06,-0.0127134,-0.0314863,0.012988
-9.16967e-06,-0.0127134,-0.0314863,0.005519
-3.19426e-05,-0.012672,-0.0315256,0.0091
-3.19426e-05,-0.012672,-0.0315256,0.006389
-3.19426e-05,-0.012672,-0.0315256,0.006374
-2.97389e-07,-0.0128094,-0.0315516,0.006627
2.13835e-05,-0.0127447,-0.0314926,0.008721
2.13835e-05,-0.0127447,-0.0314926,0.004817
6.63528e-06,-0.0127708,-0.0315101,0.004803
6.63528e-06,-0.0127708,-0.0315101,0.006956
6.63528e-06,-0.0127708,-0.0315101,0.005988
1.73705e-05,-0.0128065,-0.0315537,0.00615
1.73705e-05,-0.0128065,-0.0315537,0.011986
4.47351e-05,-0.0126697,-0.031541,0.010326
4.47351e-05,-0.0126697,-0.031541,0.005081
3.31303e-05,-0.0126958,-0.0314791,0.005276
3.31303e-05,-0.0126958,-0.0314791,0.009822
-3.73692e-05,-0.0126319,-0.0314832,0.009055
-3.73692e-05,-0.0126319,-0.0314832,0.00848
-3.73692e-05,-0.0126319,-0.0314832,0.006264
-3.64284e-05,-0.0127393,-0.0314369,0.006446
-5.45163e-05,-0.0126746,-0.031372,0.005761
-5.45163e-05,-0.0126746,-0.031372,0.01255
-5.45163e-05,-0.0126746,-0.031372,0.010281
-0.00013113,-0.0127028,-0.0313855,0.012803
-0.00013113,-0.0127028,-0.0313855,0.005424
-0.000209453,-0.0127579,-0.0314596,0.005251
-0.000209453,-0.0127579,-0.0314596,0.008668
-0.000363532,-0.0127046,-0.0315925,0.00947
-0.000363532,-0.0127046,-0.0315925,0.008221
-0.000514984,-0.0128826,-0.0318048,0.005472
-0.000514984,-0.0128826,-0.0318048,0.006758
-0.000514984,-0.0128826,-0.0318048,0.01132
-0.000575534,-0.013306,-0.0326694,0.007531
-0.000575534,-0.013306,-0.0326694,0.007681
-0.000751199,-0.0142299,-0.0341438,0.007313
-0.00112054,-0.0145528,-0.0348459,0.012925
-0.00112054,-0.0145528,-0.0348459,0.009278
-0.00112054,-0.0145528,-0.0348459,0.006538
-0.000907508,-0.0156523,-0.036969,0.006342
-0.000907508,-0.0156523,-0.036969,0.012179
-0.000676622,-0.0170602,-0.0397825,0.011281
-0.000676622,-0.0170602,-0.0397825,0.008834
-0.000776525,-0.0187044,-0.0434867,0.005752
-0.000776525,-0.0187044,-0.0434867,0.009608
-0.000901975,-0.0209858,-0.0482707,0.010694
-0.000901975,-0.0209858,-0.0482707,0.00555
-0.000901975,-0.0209858,-0.0482707,0.005528
-0.000676921,-0.0250184,-0.057914,0.008948
-0.000676921,-0.0250184,-0.057914,0.0074
-0.000767774,-0.0307334,-0.0710975,0.007023
-0.00116421,-0.0304,-0.0762492,0.005259
-0.00116421,-0.0304,-0.0762492,0.005417
-0.00116421,-0.0304,-0.0762492,0.013809
-0.0011583,-0.0248881,-0.086177,0.007122
-0.0011583,-0.0248881,-0.086177,0.007856
-0.000898543,-0.0162736,-0.0935446,0.007226
-0.000898543,-0.0162736,-0.0935446,0.004653
-0.000305634,-0.00695702,-0.100617,0.007583
-0.000305634,-0.00695702,-0.100617,0.011981
-0.000305634,-0.00695702,-0.100617,0.008066
-5.21809e-05,0.000374694,-0.103775,0.006877
-4.50437e-05,0.00236274,-0.103982,0.005216
-4.50437e-05,0.00236274,-0.103982,0.007604
-4.50437e-05,0.00236274,-0.103982,0.01088
1.98649e-06,0.00577454,-0.103385,0.007416
1.98649e-06,0.00577454,-0.103385,0.009693
4.32126e-05,0.00856488,-0.101455,0.007894
4.32126e-05,0.00856488,-0.101455,0.004328
2.53252e-05,0.0108446,-0.0983858,0.009621
2.53252e-05,0.0108446,-0.0983858,0.011831
-2.36038e-05,0.0126871,-0.0944079,0.004342
-2.36038e-05,0.0126871,-0.0944079,0.007763
-5.86716e-05,0.0147403,-0.087169,0.004946
-5.86716e-05,0.0147403,-0.087169,0.008111
-5.86716e-05,0.0147403,-0.087169,0.010808
-9.95557e-06,0.0160719,-0.0788698,0.008982
-9.43252e-06,0.0163832,-0.0759291,0.013079
-9.43252e-06,0.0163832,-0.0759291,0.006759
-9.47134e-06,0.0168215,-0.0698952,0.004863
-9.47134e-06,0.0168215,-0.0698952,0.010886
-9.47134e-06,0.0168215,-0.0698952,0.006528
-9.13403e-06,0.0170593,-0.0636895,0.006584
-9.13403e-06,0.0170593,-0.0636895,0.004716
-9.38675e-06,0.0171391,-0.0573671,0.007736
-9.38675e-06,0.0171391,-0.0573671,0.008644
-8.07392e-06,0.017094,-0.0509859,0.008664
-8.07392e-06,0.017094,-0.0509859,0.004249
-5.43521e-06,0.0169473,-0.0446027,0.007618
-5.43521e-06,0.0169473,-0.0446027,0.004066
-1.32463e-06,0.0165769,-0.0351229,0.006005
-1.32463e-06,0.0165769,-0.0351229,0.010718
-1.32463e-06,0.0165769,-0.0351229,0.00824
-4.03786e-08,0.0160613,-0.025881,0.006534
7.2867e-07,0.015863,-0.022872,0.005008
7.2867e-07,0.015863,-0.022872,0.010016
9.30201e-07,0.0154281,-0.0169975,0.011521
9.30201e-07,0.0154281,-0.0169975,0.006427
9.30201e-07,0.0154281,-0.0169975,0.006111
1.8225e-06,0.0149493,-0.0113466,0.008987
1.8225e-06,0.0149493,-0.0113466,0.007166
1.45733e-06,0.014432,-0.00603938,0.01012
1.45733e-06,0.014432,-0.00603938,0.00424
1.31491e-06,0.0138825,-0.00242056,0.004511
1.31491e-06,0.0138825,-0.00242056,0.005564
2.4411e-07,0.0133025,0.00547958,0.011754
2.4411e-07,0.0133025,0.00547958,0.009961
4.22087e-06,0.01239,0.0123929,0.005924
4.22087e-06,0.01239,0.0123929,0.004569
4.22087e-06,0.01239,0.0123929,0.009527
1.84437e-06,0.0114083,0.0189426,0.004615
1.36418e-06,0.011069,0.0210047,0.004577
1.36418e-06,0.011069,0.0210047,0.011411
-3.56699e-07,0.0103765,0.0249351,0.008577
-3.56699e-07,0.0103765,0.0249351,0.011408
-3.56699e-07,0.0103765,0.0249351,0.004688
-1.16775e-06,0.00967083,0.0286021,0.004616
-1.16775e-06,0.00967083,0.0286021,0.00862
-2.3121e-06,0.00895653,0.0319991,0.008459
-2.3121e-06,0.00895653,0.0319991,0.008056
-3.6674e-06,0.00824018,0.0351278,0.004854
-3.6674e-06,0.00824018,0.0351278,0.005022
-4.10979e-06,0.00717811,0.0393294,0.008772
-4.10979e-06,0.00717811,0.0393294,0.005998
-4.10979e-06,0.00717811,0.0393294,0.004546
-2.61441e-06,0.0061471,0.0429534,0.00569
-4.466e-06,0.00581129,0.044033,0.012025
-4.466e-06,0.00581129,0.044033,0.005115
-4.86763e-06,0.00548434,0.0450593,0.006633
-4.86763e-06,0.00548434,0.0450593,0.005344
-4.86763e-06,0.00548434,0.0450593,0.006464
-1.55316e-06,0.00455049,0.0477998,0.010825
-1.55316e-06,0.00455049,0.0477998,0.006847
8.29481e-07,0.00367317,0.0500198,0.011664
-7.9267e-07,0.00339388,0.0506514,0.005229
-7.9267e-07,0.00339388,0.0506514,0.006867
-2.54743e-06,0.00286229,0.0517738,0.006528
-2.54743e-06,0.00286229,0.0517738,0.00853
-2.54743e-06,0.00286229,0.0517738,0.00711
-2.40767e-06,0.00236604,0.0527125,0.005325
-2.40767e-06,0.00236604,0.0527125,0.007193
-1.24387e-06,0.00190223,0.0534714,0.011475
-1.24387e-06,0.00190223,0.0534714,0.005575
-5.76595e-07,0.00146784,0.0540584,0.006508
-5.76595e-07,0.00146784,0.0540584,0.010686
-1.06144e-06,0.000874246,0.0546522,0.006167
-1.06144e-06,0.000874246,0.0546522,0.004954
-1.06144e-06,0.000874246,0.0546522,0.004885
-1.44351e-06,0.000356159,0.0549498,0.006281
-1.50034e-06,0.000199525,0.0549882,0.005226
-1.50034e-06,0.000199525,0.0549882,0.009484
-1.50034e-06,0.000199525,0.0549882,0.009239
-9.66515e-07,-8.52003e-05,0.0549935,0.008199
-9.66515e-07,-8.52003e-05,0.0549935,0.005157
-1.21856e-07,-0.000338506,0.0548989,0.007367
-1.21856e-07,-0.000338506,0.0548989,0.009485
2.11526e-07,-0.000564036,0.0547126,0.00755
2.11526e-07,-0.000564036,0.0547126,0.009377
2.02828e-08,-0.000852995,0.0542871,0.004819
2.02828e-08,-0.000852995,0.0542871,0.004421
2.02828e-08,-0.000852995,0.0542871,0.011301
-3.31231e-07,-0.00109252,0.0537068,0.008815
-3.18151e-07,-0.00116226,0.0534842,0.009319
-3.18151e-07,-0.00116226,0.0534842,0.005166
-1.88914e-07,-0.00128585,0.0530053,0.004332
-1.88914e-07,-0.00128585,0.0530053,0.009334
-1.88914e-07,-0.00128585,0.0530053,0.008609
-1.02812e-07,-0.00139165,0.0524823,0.004124
-1.02812e-07,-0.00139165,0.0524823,0.004609
6.08679e-09,-0.00148285,0.0519185,0.00732
6.08679e-09,-0.00148285,0.0519185,0.007023
4.23563e-08,-0.00156232,0.0513178,0.006002
4.23563e-08,-0.00156232,0.0513178,0.004033
1.16351e-08,-0.00163207,0.0506848,0.007753
1.16351e-08,-0.00163207,0.0506848,0.006249
1.16351e-08,-0.00163207,0.0506848,0.006376
-8.47459e-08,-0.00172189,0.0496831,0.00529
-8.47459e-08,-0.00172189,0.0496831,0.006087
-3.44212e-08,-0.00179517,0.0486327,0.0056
-1.86538e-08,-0.00181792,0.0482703,0.00439
-1.86538e-08,-0.00181792,0.0482703,0.004008
-4.299e-09,-0.00186165,0.0475294,0.003897
-4.299e-09,-0.00186165,0.0475294,0.003845
-4.299e-09,-0.00186165,0.0475294,0.007366
-3.67537e-08,-0.00190268,0.0467707,0.00397
-3.67537e-08,-0.00190268,0.0467707,0.003905
-4.23259e-08,-0.00193962,0.0459988,0.006761
-4.23259e-08,-0.00193962,0.0459988,0.005496
-2.00331e-08,-0.00197346,0.0452131,0.005747
-2.00331e-08,-0.00197346,0.0452131,0.010315
4.67782e-09,-0.00200488,0.0444139,0.004078
4.67782e-09,-0.00200488,0.0444139,0.007047
1.28991e-08,-0.00203435,0.043602,0.005444
1.28991e-08,-0.00203435,0.043602,0.003771
1.28991e-08,-0.00203435,0.043602,0.004091
-1.45844e-09,-0.00207565,0.042362,0.005055
-1.45844e-09,-0.00207565,0.042362,0.004379
-1.33662e-08,-0.00211422,0.0410974,0.015459
-1.33662e-08,-0.00211422,0.0410974,0.013575
-1.33662e-08,-0.00211422,0.0410974,0.005636
-2.40738e-09,-0.00215032,0.0398105,0.004011
-2.40738e-09,-0.00215032,0.0398105,0.004698
-2.40738e-09,-0.00215032,0.0398105,0.005141
-3.2325e-09,-0.00217315,0.038941,0.008712
-3.2325e-09,-0.00217315,0.038941,0.008728
-2.68139e-09,-0.00219505,0.0380628,0.005936
-2.68139e-09,-0.00219505,0.0380628,0.003684
-6.45732e-09,-0.00221613,0.0371762,0.008849
-6.45732e-09,-0.00221613,0.0371762,0.010734
-8.98025e-09,-0.00224396,0.0358358,0.004759
-8.98025e-09,-0.00224396,0.0358358,0.004057
-8.98025e-09,-0.00224396,0.0358358,0.005362
4.82199e-10,-0.00226777,0.0344823,0.009022
2.08345e-10,-0.00227502,0.0340281,0.009207
2.08345e-10,-0.00227502,0.0340281,0.005624
1.45697e-10,-0.00228862,0.0331156,0.005763
1.45697e-10,-0.00228862,0.0331156,0.00997
1.45697e-10,-0.00228862,0.0331156,0.008095
-7.6863e-12,-0.00230121,0.0321979,0.005889
-7.6863e-12,-0.00230121,0.0321979,0.004244
-6.76579e-11,-0.00231297,0.0312753,0.00388
-6.76579e-11,-0.00231297,0.0312753,0.006865
-3.15115e-10,-0.00232404,0.030348,0.007601
-3.15115e-10,-0.00232404,0.030348,0.005857
-6.21135e-10,-0.00233446,0.0294166,0.003843
-6.21135e-10,-0.00233446,0.0294166,0.010744
-7.29635e-10,-0.00234895,0.0280125,0.004015
-7.29635e-10,-0.00234895,0.0280125,0.00551
-7.29635e-10,-0.00234895,0.0280125,0.003866
-6.77938e-10,-0.00236211,0.0266008,0.008121
-7.53987e-10,-0.00236622,0.0261286,0.005067
-7.53987e-10,-0.00236622,0.0261286,0.005423
-5.87772e-10,-0.00237395,0.0251825,0.005318
-5.87772e-10,-0.00237395,0.0251825,0.006221
-5.87772e-10,-0.00237395,0.0251825,0.005202
-4.65286e-10,-0.00238111,0.0242338,0.004531
-4.65286e-10,-0.00238111,0.0242338,0.0036
-2.05601e-10,-0.00238774,0.0232828,0.004793
-2.05601e-10,-0.00238774,0.0232828,0.007855
-1.20988e-10,-0.00239388,0.0223296,0.003972
-1.20988e-10,-0.00239388,0.0223296,0.006879
-2.45821e-10,-0.00240217,0.0208966,0.004137
-2.45821e-10,-0.00240217,0.0208966,0.006173
-3.43949e-10,-0.00240704,0.0199394,0.008872
-3.35676e-10,-0.00240927,0.0194605,0.0038
-3.00517e-10,-0.00241134,0.0189813,0.006635
-3.00517e-10,-0.00241134,0.0189813,0.005682
-1.65658e-10,-0.00241505,0.0180225,0.004558
-1.65658e-10,-0.00241505,0.0180225,0.00894
-1.65658e-10,-0.00241505,0.0180225,0.005903
-1.02014e-10,-0.00241822,0.0170632,0.006717
-1.02014e-10,-0.00241822,0.0170632,0.006735
-7.18359e-12,-0.0024209,0.0161038,0.003695
-7.18359e-12,-0.0024209,0.0161038,0.010985
3.37668e-11,-0.00242312,0.0151444,0.003863
3.37668e-11,-0.00242312,0.0151444,0.005741
2.53859e-11,-0.00242554,0.0137067,0.004818
2.53859e-11,-0.00242554,0.0137067,0.00418
2.53859e-11,-0.00242554,0.0137067,0.009045
9.41025e-11,-0.00242683,0.0122721,0.005395
1.40027e-10,-0.00242701,0.011795,0.003685
1.40027e-10,-0.00242701,0.011795,0.007573
1.63892e-10,-0.00242693,0.0108429,0.008656
1.63892e-10,-0.00242693,0.0108429,0.006803
1.63892e-10,-0.00242693,0.0108429,0.00371
1.87942e-10,-0.0024263,0.00989456,0.004285
1.87942e-10,-0.0024263,0.00989456,0.005637
1.54932e-10,-0.00242519,0.00895107,0.007226
1.54932e-10,-0.00242519,0.00895107,0.008102
1.72442e-10,-0.00242363,0.00801416,0.008183
1.72442e-10,-0.00242363,0.00801416,0.00433
2.49592e-10,-0.00242159,0.00708641,0.004776
2.49592e-10,-0.00242159,0.00708641,0.008864
3.3481e-10,-0.00241765,0.00572113,0.006305
3.3481e-10,-0.00241765,0.00572113,0.00557
3.3481e-10,-0.00241765,0.00572113,0.00443
4.51264e-10,-0.00241261,0.00441194,0.003522
5.3377e-10,-0.00241069,0.00399708,0.005617
5.3377e-10,-0.00241069,0.00399708,0.009057
4.56613e-10,-0.00240644,0.00322403,0.00508
4.56613e-10,-0.00240644,0.00322403,0.011708
4.56613e-10,-0.00240644,0.00322403,0.005859
3.86587e-10,-0.00240171,0.00258117,0.006683
3.86587e-10,-0.00240171,0.00258117,0.006994
1.65608e-10,-0.00239654,0.00218397,0.006966
1.65608e-10,-0.00239654,0.00218397,0.004221
2.21405e-11,-0.002391,-0.00216893,0.004338
2.21405e-11,-0.002391,-0.00216893,0.004499
2.0772e-09,-0.00238192,-0.00282893,0.009625
2.0772e-09,-0.00238192,-0.00282893,0.005633
2.0772e-09,-0.00238192,-0.00282893,0.004804
8.52481e-10,-0.00237114,-0.00391436,0.004116
8.52078e-10,-0.00236723,-0.00431798,0.005899
8.52078e-10,-0.00236723,-0.00431798,0.00763
5.40785e-10,-0.00235895,-0.00515748,0.002887
5.40785e-10,-0.00235895,-0.00515748,0.002967
5.40785e-10,-0.00235895,-0.00515748,0.005466
4.60847e-10,-0.00235013,-0.00602352,0.009343
4.60847e-10,-0.00235013,-0.00602352,0.006082
